Id:,20181
Estación:,VIVERO RANCHO TEJA-OAX
Posición:,17.3N -96.4744444444W
Variable:,Precipitación (mm)
Fecha Inicial:,06/01/1963
Fecha Final:,01/01/1990
No Dato:,nan
Mes,Día,Anio,Datos
06,01,1963,0.0
06,02,1963,0.0
06,03,1963,0.0
06,04,1963,0.0
06,05,1963,0.0
06,06,1963,0.1
06,07,1963,3.5
06,08,1963,0.0
06,09,1963,0.0
06,10,1963,0.0
06,11,1963,1.3
06,12,1963,3.0
06,13,1963,1.3
06,14,1963,19.2
06,15,1963,1.4
06,16,1963,2.0
06,17,1963,27.8
06,18,1963,5.6
06,19,1963,3.5
06,20,1963,17.5
06,21,1963,3.2
06,22,1963,16.0
06,23,1963,6.0
06,24,1963,4.5
06,25,1963,5.2
06,26,1963,2.0
06,27,1963,2.0
06,28,1963,18.5
06,29,1963,4.3
06,30,1963,18.2
07,01,1963,11.1
07,02,1963,17.1
07,03,1963,32.5
07,04,1963,2.0
07,05,1963,1.0
07,06,1963,1.6
07,07,1963,3.5
07,08,1963,9.7
07,09,1963,12.2
07,10,1963,1.0
07,11,1963,10.1
07,12,1963,9.0
07,13,1963,0.1
07,14,1963,0.0
07,15,1963,1.0
07,16,1963,5.0
07,17,1963,15.6
07,18,1963,19.0
07,19,1963,26.6
07,20,1963,33.0
07,21,1963,6.6
07,22,1963,16.5
07,23,1963,18.6
07,24,1963,11.0
07,25,1963,2.5
07,26,1963,5.5
07,27,1963,0.0
07,28,1963,0.0
07,29,1963,0.0
07,30,1963,0.0
07,31,1963,1.0
08,01,1963,0.0
08,02,1963,0.1
08,03,1963,20.1
08,04,1963,1.2
08,05,1963,1.0
08,06,1963,2.1
08,07,1963,6.1
08,08,1963,10.2
08,09,1963,5.0
08,10,1963,40.5
08,11,1963,10.5
08,12,1963,7.0
08,13,1963,2.8
08,14,1963,10.8
08,15,1963,0.0
08,16,1963,0.2
08,17,1963,4.3
08,18,1963,4.0
08,19,1963,1.7
08,20,1963,0.1
08,21,1963,0.0
08,22,1963,6.0
08,23,1963,0.5
08,24,1963,0.9
08,25,1963,0.0
08,26,1963,3.8
08,27,1963,0.1
08,28,1963,0.0
08,29,1963,0.0
08,30,1963,0.0
08,31,1963,0.2
09,01,1963,3.6
09,02,1963,5.6
09,03,1963,52.2
09,04,1963,36.2
09,05,1963,2.7
09,06,1963,12.9
09,07,1963,28.1
09,08,1963,37.8
09,09,1963,9.4
09,10,1963,1.8
09,11,1963,0.2
09,12,1963,1.3
09,13,1963,14.4
09,14,1963,5.4
09,15,1963,17.0
09,16,1963,0.0
09,17,1963,1.3
09,18,1963,7.3
09,19,1963,0.0
09,20,1963,4.9
09,21,1963,16.3
09,22,1963,18.4
09,23,1963,3.8
09,24,1963,10.2
09,25,1963,9.9
09,26,1963,6.0
09,27,1963,1.6
09,28,1963,6.7
09,29,1963,4.0
09,30,1963,0.0
10,01,1963,0.0
10,02,1963,1.0
10,03,1963,0.2
10,04,1963,0.2
10,05,1963,1.5
10,06,1963,1.0
10,07,1963,0.6
10,08,1963,2.8
10,09,1963,6.5
10,10,1963,7.0
10,11,1963,0.2
10,12,1963,0.0
10,13,1963,0.0
10,14,1963,2.1
10,15,1963,6.7
10,16,1963,0.1
10,17,1963,0.0
10,18,1963,0.0
10,19,1963,0.0
10,20,1963,0.0
10,21,1963,0.0
10,22,1963,0.0
10,23,1963,0.0
10,24,1963,0.0
10,25,1963,1.3
10,26,1963,0.0
10,27,1963,0.0
10,28,1963,14.8
10,29,1963,8.6
10,30,1963,2.0
10,31,1963,0.0
11,01,1963,0.0
11,02,1963,0.0
11,03,1963,0.0
11,04,1963,0.2
11,05,1963,0.7
11,06,1963,0.0
11,07,1963,0.0
11,08,1963,3.2
11,09,1963,0.0
11,10,1963,0.0
11,11,1963,0.0
11,12,1963,0.0
11,13,1963,0.0
11,14,1963,0.0
11,15,1963,0.0
11,16,1963,0.0
11,17,1963,0.0
11,18,1963,0.0
11,19,1963,0.0
11,20,1963,0.0
11,21,1963,0.0
11,22,1963,0.0
11,23,1963,3.1
11,24,1963,0.1
11,25,1963,5.2
11,26,1963,10.3
11,27,1963,0.1
11,28,1963,3.7
11,29,1963,0.3
11,30,1963,0.0
12,01,1963,0.0
12,02,1963,0.0
12,03,1963,0.0
12,04,1963,0.0
12,05,1963,0.2
12,06,1963,0.0
12,07,1963,0.0
12,08,1963,0.2
12,09,1963,0.0
12,10,1963,0.0
12,11,1963,6.0
12,12,1963,0.0
12,13,1963,0.0
12,14,1963,0.1
12,15,1963,0.1
12,16,1963,2.4
12,17,1963,5.5
12,18,1963,4.9
12,19,1963,1.1
12,20,1963,0.0
12,21,1963,0.0
12,22,1963,0.0
12,23,1963,0.1
12,24,1963,0.0
12,25,1963,0.0
12,26,1963,0.0
12,27,1963,0.0
12,28,1963,0.0
12,29,1963,0.0
12,30,1963,0.0
12,31,1963,0.0
01,01,1964,0.0
01,02,1964,0.0
01,03,1964,0.0
01,04,1964,2.9
01,05,1964,0.1
01,06,1964,0.1
01,07,1964,0.0
01,08,1964,0.0
01,09,1964,0.0
01,10,1964,0.0
01,11,1964,0.0
01,12,1964,0.1
01,13,1964,0.0
01,14,1964,0.0
01,15,1964,0.0
01,16,1964,0.1
01,17,1964,0.0
01,18,1964,0.0
01,19,1964,0.0
01,20,1964,0.0
01,21,1964,0.0
01,22,1964,0.0
01,23,1964,0.0
01,24,1964,0.0
01,25,1964,1.0
01,26,1964,0.0
01,27,1964,0.0
01,28,1964,0.2
01,29,1964,0.1
01,30,1964,0.0
01,31,1964,0.0
02,01,1964,0.0
02,02,1964,0.0
02,03,1964,0.0
02,04,1964,0.0
02,05,1964,0.0
02,06,1964,0.0
02,07,1964,0.0
02,08,1964,0.0
02,09,1964,0.0
02,10,1964,0.0
02,11,1964,0.0
02,12,1964,0.0
02,13,1964,0.0
02,14,1964,0.0
02,15,1964,0.0
02,16,1964,0.0
02,17,1964,0.0
02,18,1964,0.0
02,19,1964,0.0
02,20,1964,0.0
02,21,1964,0.0
02,22,1964,0.0
02,23,1964,0.0
02,24,1964,0.0
02,25,1964,0.0
02,26,1964,0.0
02,27,1964,0.0
02,28,1964,null
02,29,1964,0.0
03,01,1964,0.0
03,02,1964,0.0
03,03,1964,0.0
03,04,1964,0.0
03,05,1964,0.0
03,06,1964,0.0
03,07,1964,0.0
03,08,1964,0.0
03,09,1964,0.0
03,10,1964,0.0
03,11,1964,0.0
03,12,1964,0.0
03,13,1964,0.0
03,14,1964,0.0
03,15,1964,0.6
03,16,1964,0.0
03,17,1964,0.0
03,18,1964,0.0
03,19,1964,0.0
03,20,1964,0.2
03,21,1964,0.0
03,22,1964,0.0
03,23,1964,0.0
03,24,1964,0.0
03,25,1964,0.0
03,26,1964,0.0
03,27,1964,0.0
03,28,1964,0.0
03,29,1964,2.1
03,30,1964,5.1
03,31,1964,0.3
04,01,1964,0.0
04,02,1964,0.0
04,03,1964,1.6
04,04,1964,0.0
04,05,1964,0.0
04,06,1964,0.0
04,07,1964,0.0
04,08,1964,0.0
04,09,1964,0.0
04,10,1964,0.0
04,11,1964,0.0
04,12,1964,0.0
04,13,1964,0.0
04,14,1964,0.0
04,15,1964,5.0
04,16,1964,0.0
04,17,1964,0.0
04,18,1964,0.0
04,19,1964,0.0
04,20,1964,0.0
04,21,1964,0.0
04,22,1964,9.7
04,23,1964,10.1
04,24,1964,0.0
04,25,1964,0.0
04,26,1964,0.0
04,27,1964,0.0
04,28,1964,0.0
04,29,1964,0.0
04,30,1964,0.0
05,01,1964,0.0
05,02,1964,0.0
05,03,1964,0.0
05,04,1964,0.0
05,05,1964,0.0
05,06,1964,0.0
05,07,1964,0.0
05,08,1964,0.0
05,09,1964,1.0
05,10,1964,1.0
05,11,1964,3.8
05,12,1964,16.4
05,13,1964,0.5
05,14,1964,0.1
05,15,1964,0.0
05,16,1964,0.0
05,17,1964,0.0
05,18,1964,0.0
05,19,1964,2.0
05,20,1964,0.0
05,21,1964,0.1
05,22,1964,0.8
05,23,1964,0.4
05,24,1964,0.0
05,25,1964,0.2
05,26,1964,6.4
05,27,1964,6.9
05,28,1964,0.0
05,29,1964,0.0
05,30,1964,0.0
05,31,1964,10.2
06,01,1964,0.5
06,02,1964,0.0
06,03,1964,3.0
06,04,1964,0.0
06,05,1964,0.0
06,06,1964,0.0
06,07,1964,0.1
06,08,1964,0.2
06,09,1964,2.4
06,10,1964,30.5
06,11,1964,17.2
06,12,1964,14.1
06,13,1964,0.0
06,14,1964,3.7
06,15,1964,4.5
06,16,1964,0.0
06,17,1964,0.5
06,18,1964,2.3
06,19,1964,9.8
06,20,1964,0.0
06,21,1964,0.0
06,22,1964,0.0
06,23,1964,2.0
06,24,1964,0.4
06,25,1964,5.1
06,26,1964,9.9
06,27,1964,5.5
06,28,1964,21.0
06,29,1964,26.2
06,30,1964,13.0
07,01,1964,1.7
07,02,1964,2.9
07,03,1964,3.1
07,04,1964,6.1
07,05,1964,0.2
07,06,1964,8.5
07,07,1964,7.3
07,08,1964,0.2
07,09,1964,0.3
07,10,1964,1.1
07,11,1964,16.1
07,12,1964,3.9
07,13,1964,6.9
07,14,1964,3.8
07,15,1964,1.9
07,16,1964,2.5
07,17,1964,12.7
07,18,1964,17.6
07,19,1964,10.4
07,20,1964,4.2
07,21,1964,0.5
07,22,1964,4.6
07,23,1964,11.0
07,24,1964,5.8
07,25,1964,11.5
07,26,1964,1.0
07,27,1964,0.2
07,28,1964,0.4
07,29,1964,0.0
07,30,1964,0.0
07,31,1964,1.5
08,01,1964,0.0
08,02,1964,1.5
08,03,1964,45.5
08,04,1964,0.0
08,05,1964,0.0
08,06,1964,0.0
08,07,1964,4.5
08,08,1964,0.0
08,09,1964,0.0
08,10,1964,0.0
08,11,1964,0.0
08,12,1964,0.0
08,13,1964,0.0
08,14,1964,1.3
08,15,1964,0.1
08,16,1964,6.8
08,17,1964,1.5
08,18,1964,0.0
08,19,1964,0.1
08,20,1964,10.6
08,21,1964,6.0
08,22,1964,9.1
08,23,1964,21.9
08,24,1964,8.0
08,25,1964,0.0
08,26,1964,0.0
08,27,1964,0.0
08,28,1964,0.1
08,29,1964,0.0
08,30,1964,8.9
08,31,1964,5.4
09,01,1964,11.7
09,02,1964,5.0
09,03,1964,4.0
09,04,1964,0.1
09,05,1964,0.2
09,06,1964,4.7
09,07,1964,0.0
09,08,1964,4.4
09,09,1964,0.8
09,10,1964,0.0
09,11,1964,10.7
09,12,1964,7.6
09,13,1964,2.1
09,14,1964,0.4
09,15,1964,4.1
09,16,1964,2.2
09,17,1964,6.9
09,18,1964,0.0
09,19,1964,2.2
09,20,1964,0.2
09,21,1964,1.1
09,22,1964,0.0
09,23,1964,0.0
09,24,1964,0.1
09,25,1964,0.7
09,26,1964,0.0
09,27,1964,10.6
09,28,1964,2.8
09,29,1964,4.8
09,30,1964,0.3
10,01,1964,0.0
10,02,1964,0.0
10,03,1964,1.2
10,04,1964,7.2
10,05,1964,19.2
10,06,1964,4.1
10,07,1964,0.1
10,08,1964,0.1
10,09,1964,0.1
10,10,1964,0.1
10,11,1964,0.0
10,12,1964,0.0
10,13,1964,0.0
10,14,1964,0.0
10,15,1964,0.0
10,16,1964,0.0
10,17,1964,0.0
10,18,1964,0.0
10,19,1964,4.1
10,20,1964,14.2
10,21,1964,0.5
10,22,1964,0.1
10,23,1964,2.5
10,24,1964,0.0
10,25,1964,0.1
10,26,1964,0.0
10,27,1964,0.0
10,28,1964,0.1
10,29,1964,3.9
10,30,1964,0.7
10,31,1964,0.0
11,01,1964,0.1
11,02,1964,0.0
11,03,1964,0.0
11,04,1964,0.0
11,05,1964,4.2
11,06,1964,0.6
11,07,1964,16.6
11,08,1964,6.7
11,09,1964,0.0
11,10,1964,0.1
11,11,1964,0.0
11,12,1964,0.0
11,13,1964,0.0
11,14,1964,0.0
11,15,1964,0.0
11,16,1964,0.0
11,17,1964,0.0
11,18,1964,0.0
11,19,1964,0.0
11,20,1964,0.6
11,21,1964,7.0
11,22,1964,10.5
11,23,1964,0.2
11,24,1964,0.5
11,25,1964,0.1
11,26,1964,1.4
11,27,1964,0.0
11,28,1964,0.0
11,29,1964,20.3
11,30,1964,19.2
12,01,1964,0.5
12,02,1964,0.0
12,03,1964,0.0
12,04,1964,0.0
12,05,1964,2.7
12,06,1964,2.2
12,07,1964,0.0
12,08,1964,0.0
12,09,1964,0.0
12,10,1964,0.0
12,11,1964,0.0
12,12,1964,0.0
12,13,1964,10.1
12,14,1964,20.1
12,15,1964,0.1
12,16,1964,0.0
12,17,1964,0.0
12,18,1964,17.9
12,19,1964,1.8
12,20,1964,4.3
12,21,1964,3.6
12,22,1964,0.1
12,23,1964,0.0
12,24,1964,0.0
12,25,1964,0.0
12,26,1964,0.0
12,27,1964,0.0
12,28,1964,0.0
12,29,1964,0.0
12,30,1964,0.0
12,31,1964,3.5
01,01,1965,0.0
01,02,1965,0.0
01,03,1965,5.7
01,04,1965,17.4
01,05,1965,0.0
01,06,1965,0.0
01,07,1965,0.0
01,08,1965,0.0
01,09,1965,0.0
01,10,1965,4.8
01,11,1965,0.1
01,12,1965,0.1
01,13,1965,0.0
01,14,1965,0.0
01,15,1965,0.1
01,16,1965,5.1
01,17,1965,0.1
01,18,1965,0.0
01,19,1965,0.0
01,20,1965,0.0
01,21,1965,0.0
01,22,1965,0.1
01,23,1965,0.0
01,24,1965,0.0
01,25,1965,0.0
01,26,1965,0.0
01,27,1965,0.0
01,28,1965,0.0
01,29,1965,0.0
01,30,1965,0.0
01,31,1965,0.0
02,01,1965,0.0
02,02,1965,0.0
02,03,1965,0.0
02,04,1965,0.0
02,05,1965,0.1
02,06,1965,0.0
02,07,1965,0.0
02,08,1965,0.0
02,09,1965,0.0
02,10,1965,0.0
02,11,1965,0.0
02,12,1965,0.0
02,13,1965,0.0
02,14,1965,0.0
02,15,1965,0.0
02,16,1965,0.0
02,17,1965,0.1
02,18,1965,0.0
02,19,1965,0.0
02,20,1965,3.0
02,21,1965,0.0
02,22,1965,0.0
02,23,1965,0.0
02,24,1965,0.7
02,25,1965,0.1
02,26,1965,0.0
02,27,1965,0.0
02,28,1965,null
03,01,1965,0.0
03,02,1965,0.0
03,03,1965,0.0
03,04,1965,0.0
03,05,1965,0.1
03,06,1965,0.0
03,07,1965,0.0
03,08,1965,0.0
03,09,1965,0.0
03,10,1965,0.0
03,11,1965,0.0
03,12,1965,0.0
03,13,1965,0.0
03,14,1965,0.0
03,15,1965,0.0
03,16,1965,0.0
03,17,1965,0.0
03,18,1965,0.0
03,19,1965,0.0
03,20,1965,0.0
03,21,1965,0.0
03,22,1965,0.0
03,23,1965,0.0
03,24,1965,0.0
03,25,1965,0.0
03,26,1965,2.9
03,27,1965,0.0
03,28,1965,0.0
03,29,1965,0.0
03,30,1965,0.0
03,31,1965,0.0
04,01,1965,0.0
04,02,1965,0.0
04,03,1965,0.0
04,04,1965,0.0
04,05,1965,0.0
04,06,1965,0.0
04,07,1965,0.0
04,08,1965,0.0
04,09,1965,0.0
04,10,1965,0.0
04,11,1965,0.0
04,12,1965,0.0
04,13,1965,0.0
04,14,1965,0.0
04,15,1965,0.1
04,16,1965,0.0
04,17,1965,0.0
04,18,1965,0.0
04,19,1965,0.0
04,20,1965,0.0
04,21,1965,0.0
04,22,1965,0.0
04,23,1965,0.0
04,24,1965,0.0
04,25,1965,1.6
04,26,1965,0.0
04,27,1965,0.2
04,28,1965,3.7
04,29,1965,15.8
04,30,1965,12.0
05,01,1965,null
05,02,1965,0.0
05,03,1965,8.7
05,04,1965,0.0
05,05,1965,0.0
05,06,1965,0.0
05,07,1965,0.0
05,08,1965,0.0
05,09,1965,0.0
05,10,1965,1.2
05,11,1965,0.0
05,12,1965,0.0
05,13,1965,0.1
05,14,1965,17.7
05,15,1965,0.0
05,16,1965,0.0
05,17,1965,0.0
05,18,1965,0.0
05,19,1965,0.1
05,20,1965,0.0
05,21,1965,0.0
05,22,1965,0.0
05,23,1965,0.0
05,24,1965,0.0
05,25,1965,0.0
05,26,1965,0.0
05,27,1965,0.0
05,28,1965,0.0
05,29,1965,0.0
05,30,1965,0.0
05,31,1965,null
06,01,1965,0.0
06,02,1965,0.0
06,03,1965,0.0
06,04,1965,0.0
06,05,1965,0.0
06,06,1965,9.7
06,07,1965,1.3
06,08,1965,0.0
06,09,1965,0.0
06,10,1965,0.0
06,11,1965,0.0
06,12,1965,0.0
06,13,1965,0.0
06,14,1965,0.0
06,15,1965,4.4
06,16,1965,1.4
06,17,1965,9.0
06,18,1965,21.8
06,19,1965,36.6
06,20,1965,11.7
06,21,1965,2.3
06,22,1965,19.5
06,23,1965,26.2
06,24,1965,12.9
06,25,1965,2.3
06,26,1965,10.6
06,27,1965,2.8
06,28,1965,26.3
06,29,1965,18.4
06,30,1965,8.3
07,01,1965,7.0
07,02,1965,2.6
07,03,1965,6.1
07,04,1965,2.5
07,05,1965,15.7
07,06,1965,2.0
07,07,1965,6.9
07,08,1965,0.2
07,09,1965,0.0
07,10,1965,0.0
07,11,1965,1.4
07,12,1965,7.2
07,13,1965,0.0
07,14,1965,0.0
07,15,1965,0.2
07,16,1965,4.0
07,17,1965,0.3
07,18,1965,0.2
07,19,1965,0.0
07,20,1965,0.1
07,21,1965,15.9
07,22,1965,7.4
07,23,1965,0.0
07,24,1965,0.0
07,25,1965,0.0
07,26,1965,0.0
07,27,1965,2.5
07,28,1965,1.6
07,29,1965,3.2
07,30,1965,0.0
07,31,1965,1.4
08,01,1965,1.5
08,02,1965,0.1
08,03,1965,3.0
08,04,1965,6.6
08,05,1965,9.4
08,06,1965,0.0
08,07,1965,16.6
08,08,1965,23.7
08,09,1965,21.4
08,10,1965,0.1
08,11,1965,0.0
08,12,1965,0.5
08,13,1965,1.9
08,14,1965,14.2
08,15,1965,1.5
08,16,1965,2.9
08,17,1965,2.9
08,18,1965,0.0
08,19,1965,0.2
08,20,1965,0.0
08,21,1965,0.0
08,22,1965,0.8
08,23,1965,5.1
08,24,1965,0.8
08,25,1965,20.3
08,26,1965,4.8
08,27,1965,1.0
08,28,1965,1.3
08,29,1965,2.1
08,30,1965,0.4
08,31,1965,0.0
09,01,1965,0.0
09,02,1965,0.2
09,03,1965,0.0
09,04,1965,1.9
09,05,1965,17.6
09,06,1965,7.7
09,07,1965,1.0
09,08,1965,0.1
09,09,1965,0.1
09,10,1965,5.6
09,11,1965,11.7
09,12,1965,22.5
09,13,1965,2.1
09,14,1965,0.2
09,15,1965,0.1
09,16,1965,0.0
09,17,1965,11.8
09,18,1965,17.8
09,19,1965,23.5
09,20,1965,0.2
09,21,1965,1.4
09,22,1965,6.4
09,23,1965,0.3
09,24,1965,0.0
09,25,1965,0.0
09,26,1965,0.2
09,27,1965,8.2
09,28,1965,0.1
09,29,1965,0.0
09,30,1965,8.8
10,01,1965,17.4
10,02,1965,0.2
10,03,1965,1.6
10,04,1965,0.1
10,05,1965,0.0
10,06,1965,0.0
10,07,1965,2.2
10,08,1965,19.8
10,09,1965,0.0
10,10,1965,0.1
10,11,1965,0.0
10,12,1965,0.5
10,13,1965,0.0
10,14,1965,0.0
10,15,1965,0.0
10,16,1965,1.6
10,17,1965,0.2
10,18,1965,0.1
10,19,1965,10.2
10,20,1965,15.5
10,21,1965,15.8
10,22,1965,1.2
10,23,1965,0.0
10,24,1965,0.0
10,25,1965,0.0
10,26,1965,3.9
10,27,1965,0.0
10,28,1965,0.0
10,29,1965,6.8
10,30,1965,19.8
10,31,1965,11.4
11,01,1965,5.8
11,02,1965,0.0
11,03,1965,11.4
11,04,1965,10.1
11,05,1965,0.8
11,06,1965,0.2
11,07,1965,0.0
11,08,1965,0.0
11,09,1965,0.0
11,10,1965,0.0
11,11,1965,0.0
11,12,1965,0.0
11,13,1965,0.0
11,14,1965,0.0
11,15,1965,3.3
11,16,1965,0.0
11,17,1965,0.1
11,18,1965,0.0
11,19,1965,0.0
11,20,1965,0.0
11,21,1965,0.0
11,22,1965,0.0
11,23,1965,0.0
11,24,1965,0.0
11,25,1965,0.0
11,26,1965,0.0
11,27,1965,0.0
11,28,1965,0.0
11,29,1965,7.8
11,30,1965,10.8
12,01,1965,1.0
12,02,1965,0.0
12,03,1965,0.0
12,04,1965,0.0
12,05,1965,0.0
12,06,1965,1.0
12,07,1965,0.0
12,08,1965,0.5
12,09,1965,0.0
12,10,1965,0.0
12,11,1965,0.0
12,12,1965,0.0
12,13,1965,0.0
12,14,1965,0.0
12,15,1965,0.0
12,16,1965,0.0
12,17,1965,0.0
12,18,1965,0.0
12,19,1965,0.0
12,20,1965,0.0
12,21,1965,0.0
12,22,1965,0.0
12,23,1965,0.0
12,24,1965,3.2
12,25,1965,0.2
12,26,1965,0.0
12,27,1965,3.0
12,28,1965,0.3
12,29,1965,0.0
12,30,1965,0.0
12,31,1965,null
01,01,1966,0.0
01,02,1966,0.0
01,03,1966,1.2
01,04,1966,0.0
01,05,1966,0.0
01,06,1966,0.0
01,07,1966,0.1
01,08,1966,0.0
01,09,1966,0.0
01,10,1966,0.5
01,11,1966,0.1
01,12,1966,0.0
01,13,1966,0.0
01,14,1966,0.0
01,15,1966,0.0
01,16,1966,0.0
01,17,1966,0.0
01,18,1966,0.0
01,19,1966,0.0
01,20,1966,0.0
01,21,1966,0.0
01,22,1966,0.0
01,23,1966,0.0
01,24,1966,0.0
01,25,1966,0.0
01,26,1966,0.0
01,27,1966,0.0
01,28,1966,0.0
01,29,1966,0.0
01,30,1966,0.0
01,31,1966,0.0
02,01,1966,0.0
02,02,1966,0.0
02,03,1966,4.7
02,04,1966,2.7
02,05,1966,0.0
02,06,1966,0.0
02,07,1966,0.0
02,08,1966,0.0
02,09,1966,0.0
02,10,1966,0.0
02,11,1966,0.0
02,12,1966,0.0
02,13,1966,0.0
02,14,1966,0.0
02,15,1966,0.0
02,16,1966,0.0
02,17,1966,0.0
02,18,1966,0.0
02,19,1966,1.9
02,20,1966,0.0
02,21,1966,0.2
02,22,1966,2.8
02,23,1966,0.0
02,24,1966,0.0
02,25,1966,0.0
02,26,1966,0.0
02,27,1966,0.0
02,28,1966,0.0
03,01,1966,0.0
03,02,1966,0.0
03,03,1966,0.0
03,04,1966,0.0
03,05,1966,0.0
03,06,1966,0.0
03,07,1966,0.0
03,08,1966,0.0
03,09,1966,0.1
03,10,1966,16.6
03,11,1966,6.5
03,12,1966,0.1
03,13,1966,8.0
03,14,1966,0.0
03,15,1966,1.7
03,16,1966,0.0
03,17,1966,1.0
03,18,1966,0.0
03,19,1966,0.0
03,20,1966,0.0
03,21,1966,0.0
03,22,1966,0.0
03,23,1966,5.0
03,24,1966,0.0
03,25,1966,0.0
03,26,1966,0.0
03,27,1966,0.0
03,28,1966,0.0
03,29,1966,0.2
03,30,1966,0.0
03,31,1966,0.0
04,01,1966,0.0
04,02,1966,10.9
04,03,1966,2.5
04,04,1966,0.0
04,05,1966,0.9
04,06,1966,0.0
04,07,1966,0.3
04,08,1966,0.0
04,09,1966,3.2
04,10,1966,2.6
04,11,1966,0.0
04,12,1966,0.0
04,13,1966,0.0
04,14,1966,1.0
04,15,1966,0.2
04,16,1966,0.8
04,17,1966,3.5
04,18,1966,1.5
04,19,1966,4.7
04,20,1966,0.0
04,21,1966,7.5
04,22,1966,4.4
04,23,1966,0.0
04,24,1966,0.0
04,25,1966,0.0
04,26,1966,0.0
04,27,1966,8.5
04,28,1966,0.0
04,29,1966,0.0
04,30,1966,0.0
05,01,1966,0.4
05,02,1966,4.2
05,03,1966,9.1
05,04,1966,8.4
05,05,1966,3.5
05,06,1966,2.7
05,07,1966,0.1
05,08,1966,0.0
05,09,1966,0.0
05,10,1966,0.0
05,11,1966,0.0
05,12,1966,0.0
05,13,1966,0.3
05,14,1966,0.0
05,15,1966,0.0
05,16,1966,0.0
05,17,1966,0.0
05,18,1966,0.0
05,19,1966,0.0
05,20,1966,0.0
05,21,1966,0.0
05,22,1966,0.0
05,23,1966,0.0
05,24,1966,0.0
05,25,1966,0.0
05,26,1966,0.0
05,27,1966,16.6
05,28,1966,2.7
05,29,1966,0.8
05,30,1966,0.0
05,31,1966,0.2
06,01,1966,1.6
06,02,1966,0.0
06,03,1966,0.0
06,04,1966,0.0
06,05,1966,0.0
06,06,1966,0.0
06,07,1966,0.0
06,08,1966,0.0
06,09,1966,0.1
06,10,1966,9.1
06,11,1966,0.1
06,12,1966,0.5
06,13,1966,5.1
06,14,1966,11.8
06,15,1966,7.8
06,16,1966,29.6
06,17,1966,0.7
06,18,1966,1.2
06,19,1966,0.2
06,20,1966,11.1
06,21,1966,3.7
06,22,1966,5.5
06,23,1966,3.5
06,24,1966,0.3
06,25,1966,25.7
06,26,1966,23.9
06,27,1966,27.4
06,28,1966,10.2
06,29,1966,0.1
06,30,1966,0.1
07,01,1966,1.2
07,02,1966,0.2
07,03,1966,0.0
07,04,1966,1.8
07,05,1966,0.5
07,06,1966,0.0
07,07,1966,6.3
07,08,1966,6.5
07,09,1966,12.2
07,10,1966,2.7
07,11,1966,30.6
07,12,1966,22.2
07,13,1966,15.7
07,14,1966,0.7
07,15,1966,0.0
07,16,1966,0.3
07,17,1966,0.0
07,18,1966,13.5
07,19,1966,0.2
07,20,1966,3.5
07,21,1966,10.6
07,22,1966,1.8
07,23,1966,2.0
07,24,1966,0.0
07,25,1966,0.2
07,26,1966,0.0
07,27,1966,0.0
07,28,1966,0.0
07,29,1966,16.2
07,30,1966,8.8
07,31,1966,13.7
08,01,1966,0.0
08,02,1966,0.1
08,03,1966,0.0
08,04,1966,0.0
08,05,1966,2.5
08,06,1966,0.0
08,07,1966,0.0
08,08,1966,13.2
08,09,1966,2.4
08,10,1966,0.1
08,11,1966,6.1
08,12,1966,3.1
08,13,1966,0.4
08,14,1966,7.0
08,15,1966,0.0
08,16,1966,0.0
08,17,1966,0.2
08,18,1966,0.0
08,19,1966,0.0
08,20,1966,3.9
08,21,1966,3.6
08,22,1966,5.6
08,23,1966,5.9
08,24,1966,4.5
08,25,1966,5.1
08,26,1966,16.5
08,27,1966,0.2
08,28,1966,0.1
08,29,1966,0.0
08,30,1966,0.0
08,31,1966,0.0
09,01,1966,0.0
09,02,1966,2.0
09,03,1966,0.0
09,04,1966,0.6
09,05,1966,5.5
09,06,1966,10.3
09,07,1966,9.9
09,08,1966,7.7
09,09,1966,2.8
09,10,1966,0.4
09,11,1966,0.0
09,12,1966,6.6
09,13,1966,2.6
09,14,1966,1.7
09,15,1966,0.0
09,16,1966,0.0
09,17,1966,0.5
09,18,1966,13.9
09,19,1966,4.2
09,20,1966,14.2
09,21,1966,18.0
09,22,1966,12.9
09,23,1966,6.5
09,24,1966,1.2
09,25,1966,0.0
09,26,1966,0.5
09,27,1966,25.4
09,28,1966,0.0
09,29,1966,0.0
09,30,1966,2.7
10,01,1966,72.6
10,02,1966,0.1
10,03,1966,9.8
10,04,1966,0.1
10,05,1966,0.2
10,06,1966,0.2
10,07,1966,0.0
10,08,1966,0.0
10,09,1966,0.0
10,10,1966,0.0
10,11,1966,10.8
10,12,1966,1.4
10,13,1966,0.0
10,14,1966,0.0
10,15,1966,52.6
10,16,1966,0.1
10,17,1966,0.0
10,18,1966,57.4
10,19,1966,9.7
10,20,1966,0.0
10,21,1966,0.0
10,22,1966,0.0
10,23,1966,0.0
10,24,1966,10.8
10,25,1966,13.7
10,26,1966,0.7
10,27,1966,0.0
10,28,1966,0.0
10,29,1966,26.9
10,30,1966,3.0
10,31,1966,0.0
11,01,1966,0.6
11,02,1966,0.0
11,03,1966,0.0
11,04,1966,0.1
11,05,1966,0.0
11,06,1966,0.0
11,07,1966,0.0
11,08,1966,0.0
11,09,1966,0.0
11,10,1966,0.0
11,11,1966,0.0
11,12,1966,1.0
11,13,1966,5.8
11,14,1966,2.8
11,15,1966,2.5
11,16,1966,0.0
11,17,1966,10.0
11,18,1966,7.5
11,19,1966,21.3
11,20,1966,0.4
11,21,1966,0.0
11,22,1966,0.1
11,23,1966,0.7
11,24,1966,0.1
11,25,1966,0.0
11,26,1966,0.0
11,27,1966,2.1
11,28,1966,0.2
11,29,1966,0.0
11,30,1966,0.0
12,01,1966,0.0
12,02,1966,0.0
12,03,1966,0.0
12,04,1966,0.0
12,05,1966,0.0
12,06,1966,0.0
12,07,1966,0.0
12,08,1966,0.0
12,09,1966,0.0
12,10,1966,2.5
12,11,1966,0.0
12,12,1966,0.0
12,13,1966,0.0
12,14,1966,0.0
12,15,1966,0.0
12,16,1966,0.0
12,17,1966,0.0
12,18,1966,0.0
12,19,1966,0.0
12,20,1966,0.0
12,21,1966,0.0
12,22,1966,0.0
12,23,1966,0.2
12,24,1966,0.0
12,25,1966,0.0
12,26,1966,0.0
12,27,1966,0.0
12,28,1966,0.0
12,29,1966,0.0
12,30,1966,0.0
12,31,1966,0.0
01,01,1967,0.0
01,02,1967,0.0
01,03,1967,0.0
01,04,1967,0.0
01,05,1967,0.0
01,06,1967,0.0
01,07,1967,0.0
01,08,1967,0.0
01,09,1967,0.0
01,10,1967,0.0
01,11,1967,0.0
01,12,1967,0.0
01,13,1967,0.0
01,14,1967,0.0
01,15,1967,1.7
01,16,1967,0.1
01,17,1967,0.0
01,18,1967,0.0
01,19,1967,5.7
01,20,1967,0.1
01,21,1967,0.0
01,22,1967,0.0
01,23,1967,0.0
01,24,1967,0.0
01,25,1967,0.0
01,26,1967,0.0
01,27,1967,0.0
01,28,1967,0.1
01,29,1967,0.0
01,30,1967,0.0
01,31,1967,0.0
02,01,1967,0.0
02,02,1967,0.0
02,03,1967,0.0
02,04,1967,0.0
02,05,1967,0.0
02,06,1967,0.0
02,07,1967,0.0
02,08,1967,0.0
02,09,1967,0.0
02,10,1967,0.0
02,11,1967,0.1
02,12,1967,0.0
02,13,1967,0.0
02,14,1967,0.0
02,15,1967,0.0
02,16,1967,0.0
02,17,1967,0.0
02,18,1967,0.0
02,19,1967,0.0
02,20,1967,0.0
02,21,1967,0.0
02,22,1967,0.0
02,23,1967,0.0
02,24,1967,0.7
02,25,1967,3.1
02,26,1967,0.0
02,27,1967,0.0
02,28,1967,0.0
03,01,1967,0.0
03,02,1967,0.0
03,03,1967,0.0
03,04,1967,0.2
03,05,1967,0.0
03,06,1967,0.0
03,07,1967,0.0
03,08,1967,0.0
03,09,1967,0.0
03,10,1967,0.0
03,11,1967,0.0
03,12,1967,0.0
03,13,1967,0.0
03,14,1967,0.0
03,15,1967,0.0
03,16,1967,0.0
03,17,1967,0.0
03,18,1967,0.0
03,19,1967,0.0
03,20,1967,0.2
03,21,1967,0.0
03,22,1967,0.0
03,23,1967,2.0
03,24,1967,8.4
03,25,1967,0.0
03,26,1967,0.2
03,27,1967,0.0
03,28,1967,0.0
03,29,1967,0.0
03,30,1967,0.0
03,31,1967,0.0
04,01,1967,2.7
04,02,1967,0.0
04,03,1967,0.1
04,04,1967,2.9
04,05,1967,0.0
04,06,1967,0.5
04,07,1967,5.8
04,08,1967,3.3
04,09,1967,3.5
04,10,1967,0.0
04,11,1967,19.7
04,12,1967,0.1
04,13,1967,15.5
04,14,1967,0.8
04,15,1967,0.1
04,16,1967,0.0
04,17,1967,22.7
04,18,1967,11.2
04,19,1967,0.0
04,20,1967,0.0
04,21,1967,0.0
04,22,1967,0.0
04,23,1967,0.0
04,24,1967,0.0
04,25,1967,0.0
04,26,1967,0.0
04,27,1967,0.0
04,28,1967,0.0
04,29,1967,0.0
04,30,1967,0.0
05,01,1967,0.0
05,02,1967,0.0
05,03,1967,0.0
05,04,1967,0.0
05,05,1967,0.0
05,06,1967,0.0
05,07,1967,0.0
05,08,1967,0.0
05,09,1967,0.0
05,10,1967,0.0
05,11,1967,0.0
05,12,1967,0.0
05,13,1967,0.0
05,14,1967,0.0
05,15,1967,20.6
05,16,1967,0.1
05,17,1967,0.0
05,18,1967,0.0
05,19,1967,0.0
05,20,1967,0.0
05,21,1967,0.6
05,22,1967,5.0
05,23,1967,0.0
05,24,1967,0.0
05,25,1967,0.0
05,26,1967,0.0
05,27,1967,0.0
05,28,1967,7.0
05,29,1967,18.5
05,30,1967,7.5
05,31,1967,0.2
06,01,1967,0.2
06,02,1967,19.5
06,03,1967,1.2
06,04,1967,0.0
06,05,1967,0.0
06,06,1967,0.0
06,07,1967,0.0
06,08,1967,0.0
06,09,1967,3.3
06,10,1967,0.0
06,11,1967,2.1
06,12,1967,0.0
06,13,1967,0.9
06,14,1967,0.0
06,15,1967,8.3
06,16,1967,65.0
06,17,1967,59.0
06,18,1967,85.8
06,19,1967,9.8
06,20,1967,1.5
06,21,1967,0.0
06,22,1967,13.6
06,23,1967,15.2
06,24,1967,4.6
06,25,1967,10.6
06,26,1967,0.8
06,27,1967,0.2
06,28,1967,0.0
06,29,1967,0.0
06,30,1967,4.6
07,01,1967,0.1
07,02,1967,0.0
07,03,1967,11.7
07,04,1967,1.6
07,05,1967,5.6
07,06,1967,1.1
07,07,1967,6.5
07,08,1967,19.6
07,09,1967,0.2
07,10,1967,3.2
07,11,1967,18.0
07,12,1967,0.6
07,13,1967,0.0
07,14,1967,0.0
07,15,1967,0.9
07,16,1967,0.0
07,17,1967,6.5
07,18,1967,0.1
07,19,1967,0.0
07,20,1967,12.5
07,21,1967,19.9
07,22,1967,37.1
07,23,1967,7.5
07,24,1967,0.0
07,25,1967,0.0
07,26,1967,0.0
07,27,1967,2.2
07,28,1967,0.0
07,29,1967,2.0
07,30,1967,6.9
07,31,1967,0.0
08,01,1967,0.0
08,02,1967,0.0
08,03,1967,0.0
08,04,1967,0.0
08,05,1967,9.3
08,06,1967,0.0
08,07,1967,1.7
08,08,1967,12.1
08,09,1967,1.0
08,10,1967,7.8
08,11,1967,1.1
08,12,1967,5.2
08,13,1967,4.1
08,14,1967,0.5
08,15,1967,0.0
08,16,1967,6.2
08,17,1967,0.9
08,18,1967,0.0
08,19,1967,0.4
08,20,1967,2.6
08,21,1967,0.2
08,22,1967,13.1
08,23,1967,0.0
08,24,1967,1.4
08,25,1967,4.6
08,26,1967,19.7
08,27,1967,4.1
08,28,1967,1.5
08,29,1967,2.1
08,30,1967,0.0
08,31,1967,7.8
09,01,1967,8.3
09,02,1967,2.5
09,03,1967,0.0
09,04,1967,9.1
09,05,1967,4.2
09,06,1967,15.2
09,07,1967,0.0
09,08,1967,0.1
09,09,1967,0.3
09,10,1967,3.4
09,11,1967,0.7
09,12,1967,0.3
09,13,1967,0.0
09,14,1967,0.0
09,15,1967,2.6
09,16,1967,2.0
09,17,1967,14.4
09,18,1967,31.1
09,19,1967,0.0
09,20,1967,0.6
09,21,1967,0.0
09,22,1967,0.0
09,23,1967,12.8
09,24,1967,51.4
09,25,1967,8.8
09,26,1967,3.5
09,27,1967,8.2
09,28,1967,11.4
09,29,1967,0.0
09,30,1967,0.0
10,01,1967,0.0
10,02,1967,0.0
10,03,1967,1.9
10,04,1967,8.4
10,05,1967,18.6
10,06,1967,0.4
10,07,1967,7.8
10,08,1967,1.7
10,09,1967,0.0
10,10,1967,0.0
10,11,1967,1.4
10,12,1967,4.7
10,13,1967,0.3
10,14,1967,0.9
10,15,1967,0.0
10,16,1967,11.0
10,17,1967,3.5
10,18,1967,0.0
10,19,1967,0.0
10,20,1967,0.0
10,21,1967,0.2
10,22,1967,0.0
10,23,1967,0.0
10,24,1967,0.0
10,25,1967,0.7
10,26,1967,0.0
10,27,1967,0.0
10,28,1967,0.0
10,29,1967,1.0
10,30,1967,2.7
10,31,1967,11.6
11,01,1967,0.0
11,02,1967,0.0
11,03,1967,1.7
11,04,1967,0.6
11,05,1967,0.0
11,06,1967,0.0
11,07,1967,0.9
11,08,1967,0.0
11,09,1967,0.0
11,10,1967,0.5
11,11,1967,3.7
11,12,1967,12.9
11,13,1967,2.1
11,14,1967,0.0
11,15,1967,0.0
11,16,1967,0.0
11,17,1967,0.0
11,18,1967,0.0
11,19,1967,0.0
11,20,1967,0.0
11,21,1967,0.0
11,22,1967,0.0
11,23,1967,0.0
11,24,1967,0.0
11,25,1967,0.0
11,26,1967,0.0
11,27,1967,0.0
11,28,1967,0.7
11,29,1967,0.0
11,30,1967,3.2
12,01,1967,0.0
12,02,1967,21.0
12,03,1967,6.9
12,04,1967,0.0
12,05,1967,0.0
12,06,1967,0.0
12,07,1967,0.0
12,08,1967,0.0
12,09,1967,0.0
12,10,1967,0.0
12,11,1967,0.0
12,12,1967,0.0
12,13,1967,0.0
12,14,1967,0.0
12,15,1967,0.0
12,16,1967,0.0
12,17,1967,0.0
12,18,1967,0.0
12,19,1967,0.0
12,20,1967,0.0
12,21,1967,2.3
12,22,1967,12.5
12,23,1967,11.1
12,24,1967,0.1
12,25,1967,0.1
12,26,1967,0.0
12,27,1967,0.0
12,28,1967,0.0
12,29,1967,0.0
12,30,1967,0.0
12,31,1967,0.0
01,01,1968,0.0
01,02,1968,0.0
01,03,1968,0.0
01,04,1968,1.7
01,05,1968,0.6
01,06,1968,0.7
01,07,1968,11.3
01,08,1968,0.0
01,09,1968,0.0
01,10,1968,0.0
01,11,1968,0.0
01,12,1968,7.6
01,13,1968,1.2
01,14,1968,0.0
01,15,1968,1.6
01,16,1968,0.0
01,17,1968,0.0
01,18,1968,0.0
01,19,1968,0.0
01,20,1968,0.0
01,21,1968,0.8
01,22,1968,6.2
01,23,1968,0.1
01,24,1968,7.6
01,25,1968,0.0
01,26,1968,0.0
01,27,1968,0.0
01,28,1968,0.1
01,29,1968,0.1
01,30,1968,0.0
01,31,1968,0.1
02,01,1968,0.1
02,02,1968,6.3
02,03,1968,0.0
02,04,1968,0.0
02,05,1968,3.0
02,06,1968,1.9
02,07,1968,0.1
02,08,1968,0.0
02,09,1968,0.0
02,10,1968,0.0
02,11,1968,1.6
02,12,1968,0.0
02,13,1968,0.1
02,14,1968,0.0
02,15,1968,0.0
02,16,1968,0.0
02,17,1968,0.0
02,18,1968,2.1
02,19,1968,0.0
02,20,1968,0.0
02,21,1968,0.0
02,22,1968,0.0
02,23,1968,0.0
02,24,1968,0.0
02,25,1968,0.0
02,26,1968,0.0
02,27,1968,0.0
02,28,1968,0.0
02,29,1968,0.0
03,01,1968,0.0
03,02,1968,0.0
03,03,1968,0.0
03,04,1968,0.0
03,05,1968,0.0
03,06,1968,0.6
03,07,1968,1.6
03,08,1968,0.0
03,09,1968,0.0
03,10,1968,0.0
03,11,1968,0.0
03,12,1968,0.0
03,13,1968,0.0
03,14,1968,0.0
03,15,1968,0.0
03,16,1968,0.0
03,17,1968,0.0
03,18,1968,0.0
03,19,1968,0.0
03,20,1968,0.0
03,21,1968,0.0
03,22,1968,0.0
03,23,1968,0.0
03,24,1968,0.0
03,25,1968,0.0
03,26,1968,0.0
03,27,1968,0.0
03,28,1968,0.2
03,29,1968,0.0
03,30,1968,0.0
03,31,1968,0.0
04,01,1968,0.0
04,02,1968,0.0
04,03,1968,16.2
04,04,1968,0.0
04,05,1968,0.0
04,06,1968,0.0
04,07,1968,0.0
04,08,1968,2.0
04,09,1968,0.2
04,10,1968,5.8
04,11,1968,0.2
04,12,1968,0.0
04,13,1968,0.0
04,14,1968,0.0
04,15,1968,0.0
04,16,1968,0.0
04,17,1968,0.0
04,18,1968,0.0
04,19,1968,0.0
04,20,1968,0.0
04,21,1968,0.0
04,22,1968,0.0
04,23,1968,0.0
04,24,1968,0.3
04,25,1968,0.0
04,26,1968,16.7
04,27,1968,0.0
04,28,1968,0.0
04,29,1968,0.9
04,30,1968,0.1
05,01,1968,1.9
05,02,1968,6.6
05,03,1968,0.0
05,04,1968,0.1
05,05,1968,3.9
05,06,1968,0.0
05,07,1968,0.0
05,08,1968,0.0
05,09,1968,0.0
05,10,1968,1.2
05,11,1968,9.6
05,12,1968,0.0
05,13,1968,31.0
05,14,1968,8.4
05,15,1968,0.0
05,16,1968,0.0
05,17,1968,0.0
05,18,1968,14.0
05,19,1968,9.9
05,20,1968,0.2
05,21,1968,0.1
05,22,1968,11.2
05,23,1968,6.1
05,24,1968,6.5
05,25,1968,0.0
05,26,1968,0.0
05,27,1968,0.0
05,28,1968,2.5
05,29,1968,0.0
05,30,1968,0.0
05,31,1968,0.0
06,01,1968,0.0
06,02,1968,0.0
06,03,1968,0.0
06,04,1968,0.0
06,05,1968,0.0
06,06,1968,0.0
06,07,1968,0.0
06,08,1968,0.0
06,09,1968,0.0
06,10,1968,4.3
06,11,1968,6.6
06,12,1968,1.9
06,13,1968,0.0
06,14,1968,0.8
06,15,1968,8.0
06,16,1968,27.0
06,17,1968,9.1
06,18,1968,17.3
06,19,1968,44.8
06,20,1968,8.7
06,21,1968,7.1
06,22,1968,19.6
06,23,1968,0.0
06,24,1968,0.0
06,25,1968,19.3
06,26,1968,13.9
06,27,1968,3.0
06,28,1968,14.5
06,29,1968,5.5
06,30,1968,2.7
07,01,1968,9.0
07,02,1968,2.2
07,03,1968,0.4
07,04,1968,1.5
07,05,1968,22.2
07,06,1968,12.2
07,07,1968,0.1
07,08,1968,0.0
07,09,1968,0.0
07,10,1968,1.6
07,11,1968,1.7
07,12,1968,6.6
07,13,1968,1.6
07,14,1968,0.2
07,15,1968,0.1
07,16,1968,0.2
07,17,1968,0.0
07,18,1968,0.4
07,19,1968,0.0
07,20,1968,0.6
07,21,1968,11.1
07,22,1968,2.4
07,23,1968,1.0
07,24,1968,2.2
07,25,1968,3.7
07,26,1968,30.9
07,27,1968,26.0
07,28,1968,3.0
07,29,1968,1.1
07,30,1968,0.2
07,31,1968,0.0
08,01,1968,2.8
08,02,1968,1.1
08,03,1968,2.7
08,04,1968,2.0
08,05,1968,10.9
08,06,1968,1.4
08,07,1968,2.3
08,08,1968,2.4
08,09,1968,3.0
08,10,1968,0.0
08,11,1968,0.0
08,12,1968,0.0
08,13,1968,0.1
08,14,1968,53.1
08,15,1968,3.9
08,16,1968,0.9
08,17,1968,0.0
08,18,1968,2.1
08,19,1968,0.6
08,20,1968,11.4
08,21,1968,32.9
08,22,1968,6.5
08,23,1968,9.6
08,24,1968,0.0
08,25,1968,0.0
08,26,1968,13.0
08,27,1968,0.1
08,28,1968,0.0
08,29,1968,0.0
08,30,1968,0.0
08,31,1968,0.0
09,01,1968,0.0
09,02,1968,0.0
09,03,1968,0.0
09,04,1968,3.6
09,05,1968,18.6
09,06,1968,26.0
09,07,1968,14.5
09,08,1968,5.1
09,09,1968,34.6
09,10,1968,12.7
09,11,1968,0.8
09,12,1968,1.0
09,13,1968,3.8
09,14,1968,0.5
09,15,1968,0.0
09,16,1968,0.0
09,17,1968,1.6
09,18,1968,14.6
09,19,1968,0.8
09,20,1968,0.8
09,21,1968,0.1
09,22,1968,3.2
09,23,1968,13.4
09,24,1968,0.1
09,25,1968,2.2
09,26,1968,2.5
09,27,1968,0.1
09,28,1968,0.1
09,29,1968,3.4
09,30,1968,4.0
10,01,1968,1.0
10,02,1968,0.0
10,03,1968,0.0
10,04,1968,2.8
10,05,1968,4.3
10,06,1968,0.0
10,07,1968,0.0
10,08,1968,0.1
10,09,1968,0.2
10,10,1968,17.2
10,11,1968,1.8
10,12,1968,24.4
10,13,1968,2.5
10,14,1968,14.2
10,15,1968,5.1
10,16,1968,0.0
10,17,1968,0.0
10,18,1968,0.9
10,19,1968,7.6
10,20,1968,2.5
10,21,1968,1.5
10,22,1968,1.6
10,23,1968,0.1
10,24,1968,1.6
10,25,1968,7.0
10,26,1968,0.1
10,27,1968,0.0
10,28,1968,2.0
10,29,1968,0.0
10,30,1968,0.0
10,31,1968,0.0
11,01,1968,0.0
11,02,1968,0.1
11,03,1968,0.2
11,04,1968,0.0
11,05,1968,0.0
11,06,1968,0.0
11,07,1968,0.0
11,08,1968,0.0
11,09,1968,0.0
11,10,1968,2.2
11,11,1968,3.2
11,12,1968,0.0
11,13,1968,0.0
11,14,1968,0.0
11,15,1968,0.0
11,16,1968,0.0
11,17,1968,0.0
11,18,1968,8.6
11,19,1968,4.2
11,20,1968,5.0
11,21,1968,0.7
11,22,1968,0.1
11,23,1968,0.0
11,24,1968,0.0
11,25,1968,0.1
11,26,1968,0.0
11,27,1968,0.0
11,28,1968,0.0
11,29,1968,0.0
11,30,1968,0.0
12,01,1968,0.0
12,02,1968,0.0
12,03,1968,1.2
12,04,1968,0.0
12,05,1968,0.0
12,06,1968,0.0
12,07,1968,9.5
12,08,1968,7.5
12,09,1968,0.1
12,10,1968,1.5
12,11,1968,0.0
12,12,1968,0.0
12,13,1968,2.7
12,14,1968,5.1
12,15,1968,1.6
12,16,1968,0.1
12,17,1968,0.0
12,18,1968,0.0
12,19,1968,0.0
12,20,1968,0.0
12,21,1968,0.0
12,22,1968,0.6
12,23,1968,0.1
12,24,1968,0.0
12,25,1968,0.0
12,26,1968,0.0
12,27,1968,0.0
12,28,1968,0.0
12,29,1968,0.0
12,30,1968,0.0
12,31,1968,3.1
01,01,1969,0.7
01,02,1969,0.0
01,03,1969,0.3
01,04,1969,2.2
01,05,1969,0.0
01,06,1969,0.0
01,07,1969,0.0
01,08,1969,0.0
01,09,1969,0.0
01,10,1969,0.0
01,11,1969,0.0
01,12,1969,0.0
01,13,1969,0.0
01,14,1969,0.0
01,15,1969,0.0
01,16,1969,0.0
01,17,1969,0.0
01,18,1969,1.3
01,19,1969,0.0
01,20,1969,0.0
01,21,1969,0.0
01,22,1969,0.0
01,23,1969,0.0
01,24,1969,0.0
01,25,1969,0.0
01,26,1969,0.0
01,27,1969,0.0
01,28,1969,0.0
01,29,1969,0.0
01,30,1969,0.0
01,31,1969,0.0
02,01,1969,0.0
02,02,1969,0.0
02,03,1969,4.9
02,04,1969,0.2
02,05,1969,0.0
02,06,1969,0.0
02,07,1969,0.0
02,08,1969,0.1
02,09,1969,0.0
02,10,1969,0.0
02,11,1969,0.0
02,12,1969,0.0
02,13,1969,0.0
02,14,1969,0.0
02,15,1969,0.0
02,16,1969,0.0
02,17,1969,0.2
02,18,1969,0.1
02,19,1969,0.0
02,20,1969,0.0
02,21,1969,0.0
02,22,1969,0.7
02,23,1969,0.0
02,24,1969,0.0
02,25,1969,0.0
02,26,1969,0.0
02,27,1969,0.0
02,28,1969,0.0
03,01,1969,null
03,02,1969,null
03,03,1969,null
03,04,1969,null
03,05,1969,null
03,06,1969,null
03,07,1969,null
03,08,1969,null
03,09,1969,null
03,10,1969,null
03,11,1969,null
03,12,1969,null
03,13,1969,null
03,14,1969,null
03,15,1969,null
03,16,1969,null
03,17,1969,null
03,18,1969,null
03,19,1969,null
03,20,1969,null
03,21,1969,null
03,22,1969,null
03,23,1969,null
03,24,1969,null
03,25,1969,null
03,26,1969,null
03,27,1969,null
03,28,1969,null
03,29,1969,null
03,30,1969,null
03,31,1969,null
04,01,1969,null
04,02,1969,null
04,03,1969,null
04,04,1969,null
04,05,1969,null
04,06,1969,null
04,07,1969,null
04,08,1969,null
04,09,1969,null
04,10,1969,null
04,11,1969,null
04,12,1969,null
04,13,1969,null
04,14,1969,null
04,15,1969,null
04,16,1969,null
04,17,1969,null
04,18,1969,null
04,19,1969,null
04,20,1969,null
04,21,1969,null
04,22,1969,null
04,23,1969,null
04,24,1969,null
04,25,1969,null
04,26,1969,null
04,27,1969,null
04,28,1969,null
04,29,1969,null
04,30,1969,null
05,01,1969,null
05,02,1969,null
05,03,1969,null
05,04,1969,null
05,05,1969,null
05,06,1969,null
05,07,1969,null
05,08,1969,null
05,09,1969,null
05,10,1969,null
05,11,1969,null
05,12,1969,null
05,13,1969,null
05,14,1969,null
05,15,1969,null
05,16,1969,null
05,17,1969,null
05,18,1969,null
05,19,1969,null
05,20,1969,null
05,21,1969,null
05,22,1969,null
05,23,1969,null
05,24,1969,null
05,25,1969,null
05,26,1969,null
05,27,1969,null
05,28,1969,null
05,29,1969,null
05,30,1969,null
05,31,1969,null
06,01,1969,null
06,02,1969,null
06,03,1969,null
06,04,1969,null
06,05,1969,null
06,06,1969,null
06,07,1969,null
06,08,1969,null
06,09,1969,null
06,10,1969,null
06,11,1969,null
06,12,1969,null
06,13,1969,null
06,14,1969,null
06,15,1969,null
06,16,1969,null
06,17,1969,null
06,18,1969,null
06,19,1969,null
06,20,1969,null
06,21,1969,null
06,22,1969,null
06,23,1969,null
06,24,1969,null
06,25,1969,null
06,26,1969,null
06,27,1969,null
06,28,1969,null
06,29,1969,null
06,30,1969,null
07,01,1969,49.3
07,02,1969,65.5
07,03,1969,28.2
07,04,1969,6.1
07,05,1969,4.1
07,06,1969,5.8
07,07,1969,13.4
07,08,1969,12.6
07,09,1969,9.2
07,10,1969,22.9
07,11,1969,12.5
07,12,1969,4.3
07,13,1969,5.8
07,14,1969,0.8
07,15,1969,0.0
07,16,1969,0.0
07,17,1969,0.0
07,18,1969,12.4
07,19,1969,3.7
07,20,1969,21.3
07,21,1969,2.0
07,22,1969,22.5
07,23,1969,1.5
07,24,1969,3.0
07,25,1969,0.0
07,26,1969,0.0
07,27,1969,0.0
07,28,1969,0.0
07,29,1969,0.0
07,30,1969,3.0
07,31,1969,3.1
08,01,1969,4.5
08,02,1969,0.0
08,03,1969,7.5
08,04,1969,1.5
08,05,1969,2.5
08,06,1969,18.2
08,07,1969,12.5
08,08,1969,11.1
08,09,1969,69.2
08,10,1969,12.5
08,11,1969,21.8
08,12,1969,5.5
08,13,1969,45.5
08,14,1969,7.0
08,15,1969,5.5
08,16,1969,4.1
08,17,1969,0.0
08,18,1969,3.2
08,19,1969,22.3
08,20,1969,55.4
08,21,1969,18.9
08,22,1969,27.0
08,23,1969,28.3
08,24,1969,0.0
08,25,1969,31.5
08,26,1969,4.5
08,27,1969,10.5
08,28,1969,44.5
08,29,1969,25.5
08,30,1969,34.5
08,31,1969,10.2
09,01,1969,13.1
09,02,1969,11.1
09,03,1969,2.1
09,04,1969,28.2
09,05,1969,43.5
09,06,1969,17.5
09,07,1969,10.0
09,08,1969,9.3
09,09,1969,34.4
09,10,1969,42.6
09,11,1969,5.4
09,12,1969,1.1
09,13,1969,1.0
09,14,1969,6.4
09,15,1969,0.0
09,16,1969,0.0
09,17,1969,0.0
09,18,1969,0.0
09,19,1969,0.0
09,20,1969,0.5
09,21,1969,4.0
09,22,1969,7.3
09,23,1969,5.6
09,24,1969,8.1
09,25,1969,7.7
09,26,1969,14.5
09,27,1969,0.8
09,28,1969,6.0
09,29,1969,2.3
09,30,1969,0.0
10,01,1969,0.0
10,02,1969,0.0
10,03,1969,0.0
10,04,1969,2.6
10,05,1969,15.6
10,06,1969,22.6
10,07,1969,1.8
10,08,1969,1.5
10,09,1969,0.1
10,10,1969,0.0
10,11,1969,0.3
10,12,1969,0.3
10,13,1969,9.6
10,14,1969,5.0
10,15,1969,0.0
10,16,1969,6.2
10,17,1969,0.0
10,18,1969,0.0
10,19,1969,0.0
10,20,1969,0.0
10,21,1969,1.2
10,22,1969,2.6
10,23,1969,4.8
10,24,1969,1.1
10,25,1969,0.0
10,26,1969,0.0
10,27,1969,3.9
10,28,1969,1.6
10,29,1969,0.1
10,30,1969,2.7
10,31,1969,0.1
11,01,1969,9.6
11,02,1969,0.0
11,03,1969,0.0
11,04,1969,0.0
11,05,1969,0.0
11,06,1969,0.0
11,07,1969,0.0
11,08,1969,0.0
11,09,1969,0.0
11,10,1969,0.0
11,11,1969,0.0
11,12,1969,0.0
11,13,1969,0.0
11,14,1969,3.1
11,15,1969,5.2
11,16,1969,0.0
11,17,1969,0.0
11,18,1969,3.0
11,19,1969,9.8
11,20,1969,9.1
11,21,1969,0.9
11,22,1969,0.0
11,23,1969,0.0
11,24,1969,1.2
11,25,1969,0.0
11,26,1969,0.0
11,27,1969,0.0
11,28,1969,0.0
11,29,1969,0.0
11,30,1969,0.0
12,01,1969,0.0
12,02,1969,0.1
12,03,1969,0.0
12,04,1969,0.0
12,05,1969,0.0
12,06,1969,0.0
12,07,1969,0.0
12,08,1969,0.0
12,09,1969,0.0
12,10,1969,0.0
12,11,1969,9.3
12,12,1969,1.9
12,13,1969,0.1
12,14,1969,0.0
12,15,1969,0.0
12,16,1969,0.0
12,17,1969,0.0
12,18,1969,0.1
12,19,1969,0.0
12,20,1969,0.0
12,21,1969,0.0
12,22,1969,0.0
12,23,1969,0.0
12,24,1969,0.0
12,25,1969,0.0
12,26,1969,0.0
12,27,1969,0.0
12,28,1969,0.0
12,29,1969,0.0
12,30,1969,0.0
12,31,1969,0.0
01,01,1970,0.0
01,02,1970,0.0
01,03,1970,0.1
01,04,1970,0.0
01,05,1970,0.0
01,06,1970,0.0
01,07,1970,0.0
01,08,1970,0.0
01,09,1970,0.0
01,10,1970,0.0
01,11,1970,0.0
01,12,1970,0.0
01,13,1970,0.0
01,14,1970,0.0
01,15,1970,0.0
01,16,1970,0.0
01,17,1970,0.0
01,18,1970,0.0
01,19,1970,0.0
01,20,1970,0.0
01,21,1970,0.0
01,22,1970,0.1
01,23,1970,0.0
01,24,1970,1.9
01,25,1970,0.0
01,26,1970,0.0
01,27,1970,0.0
01,28,1970,0.0
01,29,1970,1.6
01,30,1970,0.0
01,31,1970,0.0
02,01,1970,0.0
02,02,1970,0.0
02,03,1970,0.0
02,04,1970,0.0
02,05,1970,0.0
02,06,1970,0.0
02,07,1970,0.0
02,08,1970,0.0
02,09,1970,3.0
02,10,1970,2.0
02,11,1970,0.0
02,12,1970,0.0
02,13,1970,0.0
02,14,1970,0.0
02,15,1970,0.0
02,16,1970,0.0
02,17,1970,0.0
02,18,1970,7.6
02,19,1970,7.9
02,20,1970,7.1
02,21,1970,10.3
02,22,1970,0.0
02,23,1970,0.0
02,24,1970,0.0
02,25,1970,2.3
02,26,1970,0.0
02,27,1970,0.0
02,28,1970,0.0
03,01,1970,0.0
03,02,1970,0.0
03,03,1970,0.0
03,04,1970,0.0
03,05,1970,0.0
03,06,1970,0.0
03,07,1970,0.0
03,08,1970,0.0
03,09,1970,0.0
03,10,1970,0.0
03,11,1970,0.0
03,12,1970,0.0
03,13,1970,0.0
03,14,1970,0.0
03,15,1970,0.0
03,16,1970,0.0
03,17,1970,0.0
03,18,1970,0.0
03,19,1970,0.0
03,20,1970,0.0
03,21,1970,0.0
03,22,1970,0.1
03,23,1970,0.0
03,24,1970,0.0
03,25,1970,0.0
03,26,1970,0.0
03,27,1970,0.0
03,28,1970,0.0
03,29,1970,0.0
03,30,1970,0.0
03,31,1970,0.0
04,01,1970,0.0
04,02,1970,0.0
04,03,1970,0.0
04,04,1970,0.0
04,05,1970,0.0
04,06,1970,0.1
04,07,1970,0.0
04,08,1970,0.0
04,09,1970,0.0
04,10,1970,0.0
04,11,1970,0.0
04,12,1970,0.0
04,13,1970,0.5
04,14,1970,0.0
04,15,1970,0.0
04,16,1970,0.0
04,17,1970,0.0
04,18,1970,0.0
04,19,1970,0.0
04,20,1970,0.0
04,21,1970,0.0
04,22,1970,0.0
04,23,1970,0.0
04,24,1970,0.0
04,25,1970,0.0
04,26,1970,0.0
04,27,1970,0.0
04,28,1970,0.0
04,29,1970,0.0
04,30,1970,0.0
05,01,1970,0.0
05,02,1970,0.3
05,03,1970,0.0
05,04,1970,0.0
05,05,1970,0.0
05,06,1970,0.0
05,07,1970,0.0
05,08,1970,0.0
05,09,1970,0.0
05,10,1970,0.0
05,11,1970,0.0
05,12,1970,0.0
05,13,1970,0.0
05,14,1970,5.3
05,15,1970,3.5
05,16,1970,0.0
05,17,1970,0.0
05,18,1970,0.0
05,19,1970,0.0
05,20,1970,5.6
05,21,1970,3.8
05,22,1970,8.6
05,23,1970,3.1
05,24,1970,0.0
05,25,1970,0.0
05,26,1970,0.0
05,27,1970,0.0
05,28,1970,0.0
05,29,1970,2.5
05,30,1970,0.0
05,31,1970,0.0
06,01,1970,1.9
06,02,1970,2.1
06,03,1970,0.4
06,04,1970,0.0
06,05,1970,0.0
06,06,1970,1.4
06,07,1970,9.5
06,08,1970,1.3
06,09,1970,0.4
06,10,1970,34.1
06,11,1970,0.0
06,12,1970,2.4
06,13,1970,16.3
06,14,1970,0.4
06,15,1970,0.0
06,16,1970,0.0
06,17,1970,2.6
06,18,1970,6.7
06,19,1970,5.9
06,20,1970,7.3
06,21,1970,7.5
06,22,1970,24.1
06,23,1970,0.2
06,24,1970,2.6
06,25,1970,0.0
06,26,1970,0.0
06,27,1970,0.0
06,28,1970,9.6
06,29,1970,3.2
06,30,1970,0.2
07,01,1970,17.5
07,02,1970,1.9
07,03,1970,6.5
07,04,1970,9.0
07,05,1970,1.0
07,06,1970,1.6
07,07,1970,1.5
07,08,1970,0.5
07,09,1970,0.0
07,10,1970,0.0
07,11,1970,0.0
07,12,1970,1.7
07,13,1970,5.1
07,14,1970,51.6
07,15,1970,24.9
07,16,1970,3.3
07,17,1970,0.2
07,18,1970,0.0
07,19,1970,1.5
07,20,1970,5.8
07,21,1970,0.2
07,22,1970,9.6
07,23,1970,35.3
07,24,1970,3.6
07,25,1970,13.7
07,26,1970,5.9
07,27,1970,7.7
07,28,1970,5.9
07,29,1970,1.1
07,30,1970,0.5
07,31,1970,7.3
08,01,1970,6.8
08,02,1970,39.3
08,03,1970,8.0
08,04,1970,15.3
08,05,1970,13.6
08,06,1970,16.9
08,07,1970,0.6
08,08,1970,0.0
08,09,1970,5.7
08,10,1970,9.2
08,11,1970,5.2
08,12,1970,6.6
08,13,1970,0.0
08,14,1970,1.0
08,15,1970,8.6
08,16,1970,16.6
08,17,1970,7.1
08,18,1970,0.0
08,19,1970,0.0
08,20,1970,0.0
08,21,1970,0.2
08,22,1970,0.0
08,23,1970,0.0
08,24,1970,0.0
08,25,1970,0.0
08,26,1970,2.4
08,27,1970,14.4
08,28,1970,26.0
08,29,1970,29.9
08,30,1970,12.1
08,31,1970,2.1
09,01,1970,14.6
09,02,1970,0.2
09,03,1970,1.4
09,04,1970,0.0
09,05,1970,6.6
09,06,1970,9.5
09,07,1970,31.5
09,08,1970,11.5
09,09,1970,8.8
09,10,1970,4.5
09,11,1970,13.4
09,12,1970,0.2
09,13,1970,5.3
09,14,1970,1.5
09,15,1970,0.0
09,16,1970,1.4
09,17,1970,12.0
09,18,1970,2.4
09,19,1970,1.3
09,20,1970,0.0
09,21,1970,0.0
09,22,1970,0.0
09,23,1970,14.7
09,24,1970,2.6
09,25,1970,1.7
09,26,1970,11.6
09,27,1970,15.5
09,28,1970,1.6
09,29,1970,28.5
09,30,1970,8.6
10,01,1970,0.0
10,02,1970,0.0
10,03,1970,0.1
10,04,1970,0.0
10,05,1970,0.0
10,06,1970,0.0
10,07,1970,0.0
10,08,1970,0.0
10,09,1970,5.7
10,10,1970,0.1
10,11,1970,0.0
10,12,1970,0.0
10,13,1970,0.0
10,14,1970,0.5
10,15,1970,17.9
10,16,1970,13.9
10,17,1970,0.2
10,18,1970,0.5
10,19,1970,6.6
10,20,1970,3.6
10,21,1970,0.1
10,22,1970,0.0
10,23,1970,0.0
10,24,1970,0.0
10,25,1970,0.0
10,26,1970,0.0
10,27,1970,2.0
10,28,1970,19.9
10,29,1970,3.6
10,30,1970,7.8
10,31,1970,1.9
11,01,1970,0.0
11,02,1970,1.8
11,03,1970,3.0
11,04,1970,4.9
11,05,1970,0.0
11,06,1970,0.0
11,07,1970,0.0
11,08,1970,0.0
11,09,1970,0.0
11,10,1970,0.1
11,11,1970,0.0
11,12,1970,0.1
11,13,1970,0.0
11,14,1970,1.1
11,15,1970,0.0
11,16,1970,0.1
11,17,1970,0.0
11,18,1970,0.0
11,19,1970,0.0
11,20,1970,0.0
11,21,1970,0.0
11,22,1970,0.0
11,23,1970,2.5
11,24,1970,0.1
11,25,1970,0.0
11,26,1970,0.0
11,27,1970,0.0
11,28,1970,9.2
11,29,1970,1.0
11,30,1970,0.0
12,01,1970,0.0
12,02,1970,0.0
12,03,1970,0.0
12,04,1970,0.0
12,05,1970,1.4
12,06,1970,0.7
12,07,1970,0.1
12,08,1970,0.0
12,09,1970,0.0
12,10,1970,0.0
12,11,1970,0.0
12,12,1970,0.0
12,13,1970,0.0
12,14,1970,0.1
12,15,1970,0.0
12,16,1970,0.1
12,17,1970,0.0
12,18,1970,0.0
12,19,1970,0.0
12,20,1970,0.1
12,21,1970,0.0
12,22,1970,0.0
12,23,1970,0.0
12,24,1970,0.0
12,25,1970,0.5
12,26,1970,0.0
12,27,1970,0.0
12,28,1970,0.0
12,29,1970,0.0
12,30,1970,0.0
12,31,1970,0.4
01,01,1971,0.0
01,02,1971,0.0
01,03,1971,0.0
01,04,1971,0.1
01,05,1971,0.0
01,06,1971,0.0
01,07,1971,0.0
01,08,1971,0.0
01,09,1971,0.6
01,10,1971,0.0
01,11,1971,0.0
01,12,1971,0.0
01,13,1971,0.0
01,14,1971,0.0
01,15,1971,48.6
01,16,1971,0.4
01,17,1971,0.0
01,18,1971,0.0
01,19,1971,5.3
01,20,1971,0.0
01,21,1971,0.0
01,22,1971,0.0
01,23,1971,0.0
01,24,1971,0.0
01,25,1971,0.0
01,26,1971,0.0
01,27,1971,0.0
01,28,1971,0.0
01,29,1971,0.0
01,30,1971,0.0
01,31,1971,0.0
02,01,1971,0.0
02,02,1971,0.0
02,03,1971,0.0
02,04,1971,0.0
02,05,1971,0.0
02,06,1971,0.0
02,07,1971,0.0
02,08,1971,0.0
02,09,1971,1.3
02,10,1971,1.6
02,11,1971,0.0
02,12,1971,0.9
02,13,1971,0.0
02,14,1971,0.0
02,15,1971,0.0
02,16,1971,0.0
02,17,1971,0.0
02,18,1971,0.0
02,19,1971,0.0
02,20,1971,0.0
02,21,1971,0.0
02,22,1971,0.0
02,23,1971,0.0
02,24,1971,0.0
02,25,1971,0.0
02,26,1971,0.0
02,27,1971,0.0
02,28,1971,0.0
03,01,1971,0.0
03,02,1971,1.7
03,03,1971,1.2
03,04,1971,0.0
03,05,1971,0.0
03,06,1971,0.0
03,07,1971,0.7
03,08,1971,0.0
03,09,1971,0.0
03,10,1971,0.0
03,11,1971,0.0
03,12,1971,0.0
03,13,1971,0.0
03,14,1971,0.0
03,15,1971,0.0
03,16,1971,0.0
03,17,1971,1.4
03,18,1971,0.0
03,19,1971,2.6
03,20,1971,1.8
03,21,1971,0.0
03,22,1971,0.0
03,23,1971,0.0
03,24,1971,0.0
03,25,1971,1.3
03,26,1971,0.0
03,27,1971,0.0
03,28,1971,0.0
03,29,1971,2.2
03,30,1971,14.7
03,31,1971,0.0
04,01,1971,0.2
04,02,1971,2.3
04,03,1971,4.3
04,04,1971,14.8
04,05,1971,4.5
04,06,1971,2.6
04,07,1971,0.0
04,08,1971,0.0
04,09,1971,0.0
04,10,1971,0.0
04,11,1971,0.0
04,12,1971,0.0
04,13,1971,0.0
04,14,1971,0.0
04,15,1971,0.0
04,16,1971,0.0
04,17,1971,0.0
04,18,1971,0.0
04,19,1971,0.0
04,20,1971,0.0
04,21,1971,0.0
04,22,1971,0.0
04,23,1971,0.0
04,24,1971,0.0
04,25,1971,0.0
04,26,1971,0.0
04,27,1971,0.0
04,28,1971,0.0
04,29,1971,0.0
04,30,1971,0.0
05,01,1971,0.0
05,02,1971,0.0
05,03,1971,0.0
05,04,1971,0.0
05,05,1971,8.7
05,06,1971,0.0
05,07,1971,0.0
05,08,1971,0.0
05,09,1971,0.0
05,10,1971,0.0
05,11,1971,12.0
05,12,1971,0.0
05,13,1971,10.2
05,14,1971,0.4
05,15,1971,0.0
05,16,1971,0.0
05,17,1971,0.0
05,18,1971,0.0
05,19,1971,0.2
05,20,1971,0.0
05,21,1971,0.0
05,22,1971,0.0
05,23,1971,6.2
05,24,1971,0.0
05,25,1971,0.2
05,26,1971,0.0
05,27,1971,0.0
05,28,1971,0.0
05,29,1971,17.8
05,30,1971,2.0
05,31,1971,1.0
06,01,1971,0.8
06,02,1971,0.2
06,03,1971,0.0
06,04,1971,0.4
06,05,1971,0.0
06,06,1971,0.0
06,07,1971,0.0
06,08,1971,0.5
06,09,1971,0.0
06,10,1971,0.0
06,11,1971,5.4
06,12,1971,5.9
06,13,1971,1.2
06,14,1971,2.2
06,15,1971,7.9
06,16,1971,4.5
06,17,1971,29.0
06,18,1971,0.0
06,19,1971,0.0
06,20,1971,0.0
06,21,1971,18.1
06,22,1971,0.0
06,23,1971,0.0
06,24,1971,0.5
06,25,1971,0.9
06,26,1971,4.1
06,27,1971,0.0
06,28,1971,10.5
06,29,1971,0.6
06,30,1971,0.0
07,01,1971,5.6
07,02,1971,1.5
07,03,1971,1.5
07,04,1971,0.0
07,05,1971,0.0
07,06,1971,0.3
07,07,1971,0.2
07,08,1971,1.7
07,09,1971,5.0
07,10,1971,4.0
07,11,1971,3.6
07,12,1971,0.9
07,13,1971,16.6
07,14,1971,3.0
07,15,1971,0.0
07,16,1971,2.7
07,17,1971,8.8
07,18,1971,11.8
07,19,1971,0.2
07,20,1971,0.5
07,21,1971,0.0
07,22,1971,0.0
07,23,1971,0.0
07,24,1971,0.9
07,25,1971,0.0
07,26,1971,3.2
07,27,1971,2.1
07,28,1971,0.1
07,29,1971,4.6
07,30,1971,13.7
07,31,1971,1.8
08,01,1971,1.2
08,02,1971,7.5
08,03,1971,11.0
08,04,1971,12.9
08,05,1971,3.0
08,06,1971,10.6
08,07,1971,1.9
08,08,1971,1.5
08,09,1971,0.0
08,10,1971,0.0
08,11,1971,0.0
08,12,1971,0.0
08,13,1971,4.4
08,14,1971,2.9
08,15,1971,2.0
08,16,1971,0.0
08,17,1971,0.0
08,18,1971,0.0
08,19,1971,0.0
08,20,1971,4.6
08,21,1971,1.5
08,22,1971,0.0
08,23,1971,4.6
08,24,1971,1.5
08,25,1971,46.0
08,26,1971,18.6
08,27,1971,8.6
08,28,1971,15.9
08,29,1971,8.1
08,30,1971,20.5
08,31,1971,2.3
09,01,1971,3.9
09,02,1971,7.0
09,03,1971,0.7
09,04,1971,0.0
09,05,1971,27.8
09,06,1971,7.7
09,07,1971,1.1
09,08,1971,5.5
09,09,1971,9.2
09,10,1971,0.0
09,11,1971,0.0
09,12,1971,0.4
09,13,1971,0.0
09,14,1971,0.0
09,15,1971,0.0
09,16,1971,1.6
09,17,1971,0.0
09,18,1971,1.4
09,19,1971,0.1
09,20,1971,10.4
09,21,1971,11.6
09,22,1971,34.3
09,23,1971,3.0
09,24,1971,15.4
09,25,1971,12.6
09,26,1971,0.0
09,27,1971,0.0
09,28,1971,5.9
09,29,1971,0.0
09,30,1971,13.9
10,01,1971,1.9
10,02,1971,3.0
10,03,1971,7.6
10,04,1971,3.3
10,05,1971,3.0
10,06,1971,15.7
10,07,1971,4.5
10,08,1971,0.0
10,09,1971,2.4
10,10,1971,9.6
10,11,1971,0.0
10,12,1971,0.0
10,13,1971,42.8
10,14,1971,3.1
10,15,1971,8.6
10,16,1971,1.4
10,17,1971,0.0
10,18,1971,0.0
10,19,1971,0.8
10,20,1971,3.2
10,21,1971,19.6
10,22,1971,2.2
10,23,1971,2.3
10,24,1971,0.0
10,25,1971,0.0
10,26,1971,0.0
10,27,1971,0.0
10,28,1971,0.0
10,29,1971,0.0
10,30,1971,0.0
10,31,1971,0.0
11,01,1971,0.0
11,02,1971,0.0
11,03,1971,16.2
11,04,1971,9.8
11,05,1971,6.2
11,06,1971,39.2
11,07,1971,12.9
11,08,1971,9.6
11,09,1971,32.1
11,10,1971,25.0
11,11,1971,24.1
11,12,1971,0.3
11,13,1971,0.0
11,14,1971,0.0
11,15,1971,0.0
11,16,1971,0.0
11,17,1971,0.0
11,18,1971,0.0
11,19,1971,0.8
11,20,1971,0.1
11,21,1971,0.8
11,22,1971,0.0
11,23,1971,0.3
11,24,1971,5.8
11,25,1971,1.1
11,26,1971,0.1
11,27,1971,0.5
11,28,1971,0.0
11,29,1971,0.0
11,30,1971,0.0
12,01,1971,null
12,02,1971,null
12,03,1971,null
12,04,1971,null
12,05,1971,null
12,06,1971,null
12,07,1971,null
12,08,1971,null
12,09,1971,null
12,10,1971,null
12,11,1971,null
12,12,1971,null
12,13,1971,null
12,14,1971,null
12,15,1971,null
12,16,1971,null
12,17,1971,null
12,18,1971,null
12,19,1971,null
12,20,1971,null
12,21,1971,null
12,22,1971,null
12,23,1971,null
12,24,1971,null
12,25,1971,null
12,26,1971,null
12,27,1971,null
12,28,1971,null
12,29,1971,null
12,30,1971,null
12,31,1971,null
01,01,1972,0.0
01,02,1972,0.0
01,03,1972,0.0
01,04,1972,0.6
01,05,1972,0.0
01,06,1972,14.0
01,07,1972,6.1
01,08,1972,0.0
01,09,1972,0.0
01,10,1972,0.0
01,11,1972,0.0
01,12,1972,0.0
01,13,1972,0.0
01,14,1972,1.2
01,15,1972,15.8
01,16,1972,25.4
01,17,1972,1.6
01,18,1972,0.0
01,19,1972,0.0
01,20,1972,0.0
01,21,1972,0.0
01,22,1972,0.0
01,23,1972,0.0
01,24,1972,0.0
01,25,1972,1.3
01,26,1972,1.9
01,27,1972,0.0
01,28,1972,0.0
01,29,1972,0.0
01,30,1972,0.0
01,31,1972,0.4
02,01,1972,0.0
02,02,1972,0.0
02,03,1972,6.2
02,04,1972,3.5
02,05,1972,0.1
02,06,1972,0.0
02,07,1972,0.0
02,08,1972,0.0
02,09,1972,0.0
02,10,1972,0.0
02,11,1972,0.0
02,12,1972,0.0
02,13,1972,0.0
02,14,1972,0.0
02,15,1972,0.0
02,16,1972,0.0
02,17,1972,0.0
02,18,1972,0.6
02,19,1972,0.1
02,20,1972,0.0
02,21,1972,0.0
02,22,1972,0.1
02,23,1972,0.0
02,24,1972,0.0
02,25,1972,0.0
02,26,1972,0.0
02,27,1972,0.0
02,28,1972,0.0
02,29,1972,0.0
03,01,1972,0.0
03,02,1972,0.0
03,03,1972,0.0
03,04,1972,0.0
03,05,1972,0.3
03,06,1972,0.2
03,07,1972,0.0
03,08,1972,0.0
03,09,1972,0.5
03,10,1972,0.2
03,11,1972,0.0
03,12,1972,0.0
03,13,1972,0.0
03,14,1972,0.1
03,15,1972,0.0
03,16,1972,2.4
03,17,1972,3.0
03,18,1972,0.0
03,19,1972,0.0
03,20,1972,0.0
03,21,1972,0.2
03,22,1972,0.0
03,23,1972,0.3
03,24,1972,0.0
03,25,1972,0.0
03,26,1972,0.0
03,27,1972,0.6
03,28,1972,0.0
03,29,1972,0.0
03,30,1972,0.0
03,31,1972,0.0
04,01,1972,0.0
04,02,1972,0.0
04,03,1972,0.0
04,04,1972,0.0
04,05,1972,0.0
04,06,1972,0.0
04,07,1972,0.0
04,08,1972,0.0
04,09,1972,0.0
04,10,1972,0.0
04,11,1972,0.0
04,12,1972,0.0
04,13,1972,0.0
04,14,1972,1.8
04,15,1972,0.0
04,16,1972,2.2
04,17,1972,0.0
04,18,1972,4.6
04,19,1972,0.8
04,20,1972,0.0
04,21,1972,2.6
04,22,1972,0.0
04,23,1972,0.0
04,24,1972,0.1
04,25,1972,0.2
04,26,1972,57.5
04,27,1972,0.7
04,28,1972,10.2
04,29,1972,0.0
04,30,1972,0.0
05,01,1972,0.0
05,02,1972,0.0
05,03,1972,29.7
05,04,1972,0.0
05,05,1972,0.0
05,06,1972,0.0
05,07,1972,0.0
05,08,1972,0.0
05,09,1972,0.0
05,10,1972,0.0
05,11,1972,0.0
05,12,1972,0.0
05,13,1972,0.0
05,14,1972,0.0
05,15,1972,3.7
05,16,1972,0.0
05,17,1972,0.0
05,18,1972,24.1
05,19,1972,0.0
05,20,1972,0.0
05,21,1972,0.0
05,22,1972,0.0
05,23,1972,0.0
05,24,1972,0.0
05,25,1972,0.0
05,26,1972,0.0
05,27,1972,0.0
05,28,1972,0.0
05,29,1972,0.0
05,30,1972,0.0
05,31,1972,0.3
06,01,1972,9.4
06,02,1972,4.3
06,03,1972,12.2
06,04,1972,0.0
06,05,1972,0.3
06,06,1972,0.0
06,07,1972,0.0
06,08,1972,17.2
06,09,1972,15.7
06,10,1972,15.1
06,11,1972,37.1
06,12,1972,34.7
06,13,1972,24.3
06,14,1972,7.8
06,15,1972,18.5
06,16,1972,13.2
06,17,1972,11.1
06,18,1972,0.2
06,19,1972,1.2
06,20,1972,0.0
06,21,1972,0.2
06,22,1972,19.3
06,23,1972,0.0
06,24,1972,11.3
06,25,1972,14.1
06,26,1972,1.5
06,27,1972,0.0
06,28,1972,8.0
06,29,1972,6.7
06,30,1972,0.0
07,01,1972,0.0
07,02,1972,0.0
07,03,1972,19.5
07,04,1972,0.0
07,05,1972,2.3
07,06,1972,1.1
07,07,1972,1.9
07,08,1972,0.6
07,09,1972,0.3
07,10,1972,1.6
07,11,1972,1.0
07,12,1972,0.0
07,13,1972,13.7
07,14,1972,0.0
07,15,1972,0.0
07,16,1972,0.0
07,17,1972,0.0
07,18,1972,0.0
07,19,1972,0.2
07,20,1972,0.0
07,21,1972,1.5
07,22,1972,2.0
07,23,1972,15.2
07,24,1972,9.7
07,25,1972,13.7
07,26,1972,37.0
07,27,1972,18.5
07,28,1972,40.2
07,29,1972,4.0
07,30,1972,3.4
07,31,1972,3.0
08,01,1972,2.8
08,02,1972,1.2
08,03,1972,0.1
08,04,1972,1.1
08,05,1972,2.5
08,06,1972,6.1
08,07,1972,0.0
08,08,1972,0.0
08,09,1972,10.5
08,10,1972,12.4
08,11,1972,17.1
08,12,1972,8.5
08,13,1972,13.0
08,14,1972,15.4
08,15,1972,4.0
08,16,1972,1.4
08,17,1972,1.9
08,18,1972,0.0
08,19,1972,14.3
08,20,1972,4.3
08,21,1972,0.1
08,22,1972,0.0
08,23,1972,0.0
08,24,1972,0.0
08,25,1972,8.5
08,26,1972,1.4
08,27,1972,0.1
08,28,1972,1.0
08,29,1972,17.2
08,30,1972,5.6
08,31,1972,0.0
09,01,1972,1.2
09,02,1972,3.9
09,03,1972,0.1
09,04,1972,2.5
09,05,1972,0.0
09,06,1972,3.0
09,07,1972,9.5
09,08,1972,0.1
09,09,1972,0.7
09,10,1972,1.5
09,11,1972,13.4
09,12,1972,3.5
09,13,1972,1.3
09,14,1972,1.5
09,15,1972,0.0
09,16,1972,0.0
09,17,1972,11.3
09,18,1972,1.4
09,19,1972,2.5
09,20,1972,5.1
09,21,1972,1.5
09,22,1972,0.0
09,23,1972,0.0
09,24,1972,0.0
09,25,1972,0.2
09,26,1972,3.9
09,27,1972,10.0
09,28,1972,1.5
09,29,1972,0.1
09,30,1972,0.0
10,01,1972,2.4
10,02,1972,0.0
10,03,1972,0.0
10,04,1972,0.0
10,05,1972,0.0
10,06,1972,4.5
10,07,1972,3.5
10,08,1972,1.0
10,09,1972,0.0
10,10,1972,1.5
10,11,1972,21.0
10,12,1972,13.7
10,13,1972,6.0
10,14,1972,7.1
10,15,1972,15.0
10,16,1972,2.5
10,17,1972,0.1
10,18,1972,0.7
10,19,1972,20.1
10,20,1972,0.0
10,21,1972,0.1
10,22,1972,0.0
10,23,1972,0.0
10,24,1972,2.4
10,25,1972,0.0
10,26,1972,0.0
10,27,1972,0.1
10,28,1972,0.0
10,29,1972,0.1
10,30,1972,0.0
10,31,1972,0.0
11,01,1972,0.0
11,02,1972,0.4
11,03,1972,0.0
11,04,1972,8.5
11,05,1972,7.0
11,06,1972,0.0
11,07,1972,42.5
11,08,1972,14.6
11,09,1972,0.0
11,10,1972,0.0
11,11,1972,0.0
11,12,1972,0.0
11,13,1972,0.0
11,14,1972,0.1
11,15,1972,0.0
11,16,1972,0.0
11,17,1972,0.0
11,18,1972,0.0
11,19,1972,21.2
11,20,1972,0.1
11,21,1972,0.1
11,22,1972,2.0
11,23,1972,0.2
11,24,1972,0.0
11,25,1972,0.0
11,26,1972,2.7
11,27,1972,0.0
11,28,1972,0.0
11,29,1972,0.0
11,30,1972,5.5
12,01,1972,0.1
12,02,1972,0.0
12,03,1972,0.0
12,04,1972,0.0
12,05,1972,0.0
12,06,1972,1.2
12,07,1972,0.0
12,08,1972,0.0
12,09,1972,0.0
12,10,1972,0.0
12,11,1972,0.0
12,12,1972,0.0
12,13,1972,0.0
12,14,1972,0.0
12,15,1972,0.2
12,16,1972,16.7
12,17,1972,7.3
12,18,1972,0.3
12,19,1972,0.0
12,20,1972,0.0
12,21,1972,0.0
12,22,1972,0.0
12,23,1972,0.0
12,24,1972,0.0
12,25,1972,0.0
12,26,1972,0.0
12,27,1972,0.0
12,28,1972,0.0
12,29,1972,0.0
12,30,1972,0.0
12,31,1972,0.0
01,01,1973,0.0
01,02,1973,0.0
01,03,1973,0.0
01,04,1973,0.0
01,05,1973,0.0
01,06,1973,0.0
01,07,1973,0.0
01,08,1973,0.0
01,09,1973,0.0
01,10,1973,0.0
01,11,1973,0.0
01,12,1973,0.0
01,13,1973,0.0
01,14,1973,0.0
01,15,1973,0.0
01,16,1973,0.0
01,17,1973,0.0
01,18,1973,0.0
01,19,1973,0.0
01,20,1973,0.0
01,21,1973,0.0
01,22,1973,0.0
01,23,1973,0.0
01,24,1973,0.0
01,25,1973,0.0
01,26,1973,0.0
01,27,1973,0.0
01,28,1973,0.0
01,29,1973,0.0
01,30,1973,0.0
01,31,1973,0.0
02,01,1973,0.0
02,02,1973,0.0
02,03,1973,0.0
02,04,1973,0.0
02,05,1973,0.0
02,06,1973,0.0
02,07,1973,0.0
02,08,1973,0.0
02,09,1973,0.0
02,10,1973,0.0
02,11,1973,0.0
02,12,1973,0.0
02,13,1973,0.0
02,14,1973,0.0
02,15,1973,0.0
02,16,1973,0.0
02,17,1973,0.0
02,18,1973,0.0
02,19,1973,0.0
02,20,1973,0.0
02,21,1973,0.0
02,22,1973,0.0
02,23,1973,0.0
02,24,1973,0.0
02,25,1973,0.0
02,26,1973,0.0
02,27,1973,0.0
02,28,1973,0.0
03,01,1973,0.0
03,02,1973,0.0
03,03,1973,0.0
03,04,1973,0.0
03,05,1973,0.0
03,06,1973,0.0
03,07,1973,0.0
03,08,1973,0.0
03,09,1973,0.0
03,10,1973,0.0
03,11,1973,0.0
03,12,1973,0.0
03,13,1973,0.0
03,14,1973,0.0
03,15,1973,0.0
03,16,1973,0.0
03,17,1973,0.0
03,18,1973,0.0
03,19,1973,6.5
03,20,1973,0.0
03,21,1973,0.0
03,22,1973,0.0
03,23,1973,0.0
03,24,1973,0.0
03,25,1973,0.0
03,26,1973,0.0
03,27,1973,0.0
03,28,1973,0.0
03,29,1973,0.0
03,30,1973,0.0
03,31,1973,0.0
04,01,1973,0.0
04,02,1973,0.0
04,03,1973,0.0
04,04,1973,0.0
04,05,1973,0.0
04,06,1973,0.0
04,07,1973,0.0
04,08,1973,0.0
04,09,1973,0.0
04,10,1973,0.0
04,11,1973,0.0
04,12,1973,0.5
04,13,1973,0.0
04,14,1973,0.0
04,15,1973,1.5
04,16,1973,0.0
04,17,1973,28.5
04,18,1973,2.4
04,19,1973,0.0
04,20,1973,0.0
04,21,1973,0.0
04,22,1973,0.0
04,23,1973,0.0
04,24,1973,0.0
04,25,1973,0.0
04,26,1973,0.5
04,27,1973,0.0
04,28,1973,0.0
04,29,1973,0.0
04,30,1973,0.0
05,01,1973,0.0
05,02,1973,0.0
05,03,1973,1.5
05,04,1973,1.5
05,05,1973,0.0
05,06,1973,0.0
05,07,1973,0.0
05,08,1973,0.0
05,09,1973,0.0
05,10,1973,0.0
05,11,1973,0.0
05,12,1973,6.5
05,13,1973,0.8
05,14,1973,3.4
05,15,1973,1.5
05,16,1973,0.0
05,17,1973,9.0
05,18,1973,13.2
05,19,1973,2.7
05,20,1973,0.0
05,21,1973,0.0
05,22,1973,0.0
05,23,1973,0.0
05,24,1973,0.0
05,25,1973,0.0
05,26,1973,0.0
05,27,1973,0.0
05,28,1973,0.0
05,29,1973,5.4
05,30,1973,0.0
05,31,1973,0.0
06,01,1973,12.5
06,02,1973,0.0
06,03,1973,0.0
06,04,1973,0.5
06,05,1973,0.0
06,06,1973,4.5
06,07,1973,0.5
06,08,1973,48.5
06,09,1973,4.5
06,10,1973,2.5
06,11,1973,6.5
06,12,1973,0.0
06,13,1973,0.0
06,14,1973,7.0
06,15,1973,0.0
06,16,1973,0.0
06,17,1973,0.0
06,18,1973,0.0
06,19,1973,0.0
06,20,1973,83.5
06,21,1973,34.0
06,22,1973,2.5
06,23,1973,3.5
06,24,1973,0.5
06,25,1973,0.0
06,26,1973,7.5
06,27,1973,1.0
06,28,1973,8.4
06,29,1973,15.5
06,30,1973,17.5
07,01,1973,4.2
07,02,1973,0.0
07,03,1973,0.5
07,04,1973,0.5
07,05,1973,1.5
07,06,1973,6.5
07,07,1973,20.5
07,08,1973,1.5
07,09,1973,4.5
07,10,1973,0.0
07,11,1973,0.0
07,12,1973,0.0
07,13,1973,0.0
07,14,1973,0.0
07,15,1973,0.0
07,16,1973,4.5
07,17,1973,1.5
07,18,1973,2.5
07,19,1973,5.0
07,20,1973,8.0
07,21,1973,2.0
07,22,1973,18.5
07,23,1973,8.5
07,24,1973,10.0
07,25,1973,114.5
07,26,1973,5.0
07,27,1973,13.5
07,28,1973,0.5
07,29,1973,10.0
07,30,1973,1.5
07,31,1973,1.5
08,01,1973,0.0
08,02,1973,4.5
08,03,1973,7.5
08,04,1973,9.5
08,05,1973,11.5
08,06,1973,0.0
08,07,1973,0.0
08,08,1973,0.0
08,09,1973,2.0
08,10,1973,5.5
08,11,1973,2.5
08,12,1973,3.5
08,13,1973,1.0
08,14,1973,0.0
08,15,1973,0.0
08,16,1973,2.5
08,17,1973,0.0
08,18,1973,0.8
08,19,1973,1.5
08,20,1973,9.0
08,21,1973,28.5
08,22,1973,25.6
08,23,1973,15.5
08,24,1973,12.0
08,25,1973,27.1
08,26,1973,16.2
08,27,1973,4.5
08,28,1973,7.5
08,29,1973,36.5
08,30,1973,42.5
08,31,1973,65.5
09,01,1973,18.5
09,02,1973,0.0
09,03,1973,1.5
09,04,1973,13.0
09,05,1973,26.5
09,06,1973,0.5
09,07,1973,2.5
09,08,1973,8.1
09,09,1973,8.5
09,10,1973,14.5
09,11,1973,0.0
09,12,1973,0.0
09,13,1973,0.0
09,14,1973,0.0
09,15,1973,0.5
09,16,1973,9.5
09,17,1973,2.5
09,18,1973,8.5
09,19,1973,6.5
09,20,1973,0.0
09,21,1973,0.0
09,22,1973,0.0
09,23,1973,1.5
09,24,1973,0.0
09,25,1973,13.0
09,26,1973,15.5
09,27,1973,13.4
09,28,1973,3.5
09,29,1973,0.0
09,30,1973,3.0
10,01,1973,6.0
10,02,1973,3.0
10,03,1973,2.0
10,04,1973,3.6
10,05,1973,4.5
10,06,1973,13.5
10,07,1973,29.5
10,08,1973,11.5
10,09,1973,2.0
10,10,1973,8.5
10,11,1973,4.5
10,12,1973,0.5
10,13,1973,9.0
10,14,1973,5.3
10,15,1973,0.0
10,16,1973,0.0
10,17,1973,10.5
10,18,1973,0.0
10,19,1973,2.0
10,20,1973,0.0
10,21,1973,1.0
10,22,1973,3.7
10,23,1973,0.0
10,24,1973,0.0
10,25,1973,1.5
10,26,1973,1.0
10,27,1973,0.0
10,28,1973,0.0
10,29,1973,0.0
10,30,1973,0.0
10,31,1973,0.0
11,01,1973,0.0
11,02,1973,0.0
11,03,1973,0.0
11,04,1973,0.0
11,05,1973,0.0
11,06,1973,1.5
11,07,1973,0.0
11,08,1973,0.0
11,09,1973,6.5
11,10,1973,20.0
11,11,1973,7.0
11,12,1973,8.4
11,13,1973,0.0
11,14,1973,0.0
11,15,1973,0.0
11,16,1973,0.0
11,17,1973,0.0
11,18,1973,0.0
11,19,1973,0.0
11,20,1973,0.0
11,21,1973,0.0
11,22,1973,0.0
11,23,1973,0.0
11,24,1973,0.0
11,25,1973,0.0
11,26,1973,1.0
11,27,1973,0.0
11,28,1973,9.6
11,29,1973,13.8
11,30,1973,14.5
12,01,1973,1.3
12,02,1973,0.0
12,03,1973,0.0
12,04,1973,0.0
12,05,1973,0.5
12,06,1973,1.0
12,07,1973,35.0
12,08,1973,1.0
12,09,1973,0.0
12,10,1973,0.0
12,11,1973,0.0
12,12,1973,0.0
12,13,1973,0.0
12,14,1973,0.0
12,15,1973,0.0
12,16,1973,6.5
12,17,1973,0.0
12,18,1973,0.0
12,19,1973,0.0
12,20,1973,0.0
12,21,1973,0.0
12,22,1973,0.0
12,23,1973,0.0
12,24,1973,0.0
12,25,1973,0.0
12,26,1973,0.0
12,27,1973,0.0
12,28,1973,0.0
12,29,1973,0.0
12,30,1973,0.0
12,31,1973,0.0
01,01,1974,0.0
01,02,1974,0.0
01,03,1974,2.5
01,04,1974,0.0
01,05,1974,0.0
01,06,1974,0.0
01,07,1974,0.0
01,08,1974,0.0
01,09,1974,0.0
01,10,1974,0.0
01,11,1974,4.0
01,12,1974,28.0
01,13,1974,5.5
01,14,1974,0.5
01,15,1974,0.0
01,16,1974,0.0
01,17,1974,0.0
01,18,1974,0.0
01,19,1974,0.0
01,20,1974,0.0
01,21,1974,0.0
01,22,1974,0.0
01,23,1974,0.0
01,24,1974,0.1
01,25,1974,0.0
01,26,1974,0.0
01,27,1974,0.0
01,28,1974,0.0
01,29,1974,0.0
01,30,1974,0.0
01,31,1974,0.0
02,01,1974,0.0
02,02,1974,0.0
02,03,1974,0.0
02,04,1974,2.0
02,05,1974,0.0
02,06,1974,0.0
02,07,1974,0.0
02,08,1974,2.0
02,09,1974,0.0
02,10,1974,0.0
02,11,1974,0.0
02,12,1974,0.0
02,13,1974,0.0
02,14,1974,0.0
02,15,1974,0.0
02,16,1974,0.0
02,17,1974,0.0
02,18,1974,0.0
02,19,1974,0.0
02,20,1974,0.0
02,21,1974,0.0
02,22,1974,0.2
02,23,1974,0.0
02,24,1974,6.8
02,25,1974,8.0
02,26,1974,8.4
02,27,1974,0.0
02,28,1974,0.0
03,01,1974,0.0
03,02,1974,0.0
03,03,1974,0.0
03,04,1974,0.0
03,05,1974,0.0
03,06,1974,0.0
03,07,1974,0.0
03,08,1974,0.0
03,09,1974,0.0
03,10,1974,0.0
03,11,1974,4.5
03,12,1974,32.0
03,13,1974,0.0
03,14,1974,3.5
03,15,1974,0.0
03,16,1974,0.0
03,17,1974,0.0
03,18,1974,0.0
03,19,1974,0.0
03,20,1974,0.0
03,21,1974,0.0
03,22,1974,0.0
03,23,1974,0.0
03,24,1974,4.5
03,25,1974,0.0
03,26,1974,0.0
03,27,1974,0.0
03,28,1974,0.0
03,29,1974,0.0
03,30,1974,0.0
03,31,1974,0.0
04,01,1974,20.7
04,02,1974,0.0
04,03,1974,0.0
04,04,1974,0.3
04,05,1974,5.5
04,06,1974,0.0
04,07,1974,0.0
04,08,1974,1.8
04,09,1974,2.0
04,10,1974,10.0
04,11,1974,11.5
04,12,1974,2.0
04,13,1974,0.0
04,14,1974,0.0
04,15,1974,0.0
04,16,1974,0.5
04,17,1974,0.0
04,18,1974,0.0
04,19,1974,0.0
04,20,1974,0.0
04,21,1974,0.0
04,22,1974,0.0
04,23,1974,0.0
04,24,1974,0.0
04,25,1974,2.5
04,26,1974,0.0
04,27,1974,0.0
04,28,1974,0.0
04,29,1974,0.0
04,30,1974,6.5
05,01,1974,2.5
05,02,1974,1.5
05,03,1974,10.0
05,04,1974,0.0
05,05,1974,2.2
05,06,1974,0.5
05,07,1974,0.0
05,08,1974,9.5
05,09,1974,0.0
05,10,1974,2.0
05,11,1974,0.0
05,12,1974,0.0
05,13,1974,0.3
05,14,1974,6.0
05,15,1974,0.0
05,16,1974,0.0
05,17,1974,2.5
05,18,1974,0.7
05,19,1974,0.0
05,20,1974,0.0
05,21,1974,13.7
05,22,1974,0.0
05,23,1974,2.8
05,24,1974,0.2
05,25,1974,0.3
05,26,1974,24.8
05,27,1974,0.5
05,28,1974,0.0
05,29,1974,5.5
05,30,1974,6.0
05,31,1974,3.6
06,01,1974,12.5
06,02,1974,7.5
06,03,1974,0.0
06,04,1974,0.0
06,05,1974,0.0
06,06,1974,13.5
06,07,1974,0.0
06,08,1974,0.0
06,09,1974,14.0
06,10,1974,4.5
06,11,1974,1.7
06,12,1974,1.5
06,13,1974,1.5
06,14,1974,2.5
06,15,1974,17.3
06,16,1974,19.5
06,17,1974,21.5
06,18,1974,1.7
06,19,1974,1.0
06,20,1974,25.5
06,21,1974,36.5
06,22,1974,17.5
06,23,1974,37.5
06,24,1974,12.8
06,25,1974,7.0
06,26,1974,0.2
06,27,1974,0.0
06,28,1974,0.0
06,29,1974,0.8
06,30,1974,2.2
07,01,1974,0.0
07,02,1974,6.7
07,03,1974,12.5
07,04,1974,15.0
07,05,1974,13.5
07,06,1974,0.5
07,07,1974,0.0
07,08,1974,2.3
07,09,1974,0.0
07,10,1974,2.4
07,11,1974,0.5
07,12,1974,13.5
07,13,1974,26.2
07,14,1974,6.3
07,15,1974,0.0
07,16,1974,2.4
07,17,1974,3.5
07,18,1974,7.0
07,19,1974,2.0
07,20,1974,0.9
07,21,1974,0.0
07,22,1974,0.0
07,23,1974,10.0
07,24,1974,15.5
07,25,1974,5.7
07,26,1974,0.0
07,27,1974,0.0
07,28,1974,0.0
07,29,1974,0.0
07,30,1974,0.0
07,31,1974,0.2
08,01,1974,0.0
08,02,1974,10.5
08,03,1974,0.0
08,04,1974,4.4
08,05,1974,0.0
08,06,1974,0.0
08,07,1974,0.0
08,08,1974,0.0
08,09,1974,0.0
08,10,1974,0.0
08,11,1974,1.1
08,12,1974,0.0
08,13,1974,0.0
08,14,1974,0.0
08,15,1974,0.4
08,16,1974,3.0
08,17,1974,5.0
08,18,1974,0.3
08,19,1974,0.0
08,20,1974,0.0
08,21,1974,0.0
08,22,1974,0.0
08,23,1974,0.0
08,24,1974,0.0
08,25,1974,2.0
08,26,1974,0.5
08,27,1974,6.0
08,28,1974,3.5
08,29,1974,0.6
08,30,1974,0.0
08,31,1974,1.3
09,01,1974,0.0
09,02,1974,0.0
09,03,1974,0.0
09,04,1974,4.5
09,05,1974,0.0
09,06,1974,3.5
09,07,1974,0.0
09,08,1974,0.0
09,09,1974,6.5
09,10,1974,2.0
09,11,1974,2.0
09,12,1974,7.5
09,13,1974,8.5
09,14,1974,9.0
09,15,1974,2.0
09,16,1974,2.5
09,17,1974,5.5
09,18,1974,11.8
09,19,1974,51.3
09,20,1974,135.5
09,21,1974,8.0
09,22,1974,14.5
09,23,1974,16.5
09,24,1974,17.0
09,25,1974,3.0
09,26,1974,3.2
09,27,1974,0.0
09,28,1974,18.5
09,29,1974,62.0
09,30,1974,31.0
10,01,1974,15.5
10,02,1974,19.0
10,03,1974,9.5
10,04,1974,3.1
10,05,1974,2.7
10,06,1974,2.5
10,07,1974,5.6
10,08,1974,0.4
10,09,1974,0.0
10,10,1974,0.0
10,11,1974,0.0
10,12,1974,3.5
10,13,1974,0.0
10,14,1974,0.0
10,15,1974,36.2
10,16,1974,22.2
10,17,1974,0.0
10,18,1974,0.0
10,19,1974,0.0
10,20,1974,0.0
10,21,1974,1.9
10,22,1974,8.2
10,23,1974,29.2
10,24,1974,0.2
10,25,1974,0.1
10,26,1974,0.0
10,27,1974,0.0
10,28,1974,0.0
10,29,1974,0.0
10,30,1974,0.0
10,31,1974,0.0
11,01,1974,0.0
11,02,1974,0.0
11,03,1974,0.0
11,04,1974,0.0
11,05,1974,0.0
11,06,1974,0.0
11,07,1974,0.0
11,08,1974,1.2
11,09,1974,0.0
11,10,1974,0.0
11,11,1974,12.0
11,12,1974,5.8
11,13,1974,0.0
11,14,1974,0.0
11,15,1974,0.0
11,16,1974,0.0
11,17,1974,0.0
11,18,1974,0.0
11,19,1974,0.0
11,20,1974,22.8
11,21,1974,0.0
11,22,1974,0.0
11,23,1974,0.0
11,24,1974,6.8
11,25,1974,0.0
11,26,1974,0.0
11,27,1974,0.0
11,28,1974,0.0
11,29,1974,0.0
11,30,1974,0.0
12,01,1974,0.0
12,02,1974,0.0
12,03,1974,0.0
12,04,1974,0.0
12,05,1974,0.0
12,06,1974,0.0
12,07,1974,0.0
12,08,1974,0.0
12,09,1974,0.0
12,10,1974,0.0
12,11,1974,0.0
12,12,1974,0.0
12,13,1974,0.0
12,14,1974,0.0
12,15,1974,0.0
12,16,1974,2.6
12,17,1974,0.3
12,18,1974,0.0
12,19,1974,0.0
12,20,1974,0.0
12,21,1974,0.0
12,22,1974,0.1
12,23,1974,0.0
12,24,1974,0.0
12,25,1974,0.0
12,26,1974,0.0
12,27,1974,0.0
12,28,1974,0.0
12,29,1974,0.0
12,30,1974,0.0
12,31,1974,0.0
01,01,1975,0.0
01,02,1975,0.0
01,03,1975,2.4
01,04,1975,0.5
01,05,1975,0.0
01,06,1975,0.0
01,07,1975,0.0
01,08,1975,0.0
01,09,1975,0.0
01,10,1975,0.0
01,11,1975,0.0
01,12,1975,3.5
01,13,1975,0.0
01,14,1975,0.0
01,15,1975,0.0
01,16,1975,0.0
01,17,1975,0.0
01,18,1975,0.0
01,19,1975,0.0
01,20,1975,0.0
01,21,1975,0.0
01,22,1975,0.0
01,23,1975,0.0
01,24,1975,0.0
01,25,1975,0.0
01,26,1975,0.0
01,27,1975,0.0
01,28,1975,0.0
01,29,1975,0.0
01,30,1975,0.0
01,31,1975,0.0
02,01,1975,0.0
02,02,1975,0.0
02,03,1975,0.0
02,04,1975,1.0
02,05,1975,3.8
02,06,1975,13.8
02,07,1975,1.4
02,08,1975,6.5
02,09,1975,0.0
02,10,1975,0.0
02,11,1975,0.0
02,12,1975,0.0
02,13,1975,0.0
02,14,1975,0.0
02,15,1975,0.0
02,16,1975,0.0
02,17,1975,0.0
02,18,1975,0.0
02,19,1975,0.0
02,20,1975,0.0
02,21,1975,0.0
02,22,1975,0.0
02,23,1975,0.0
02,24,1975,0.0
02,25,1975,0.0
02,26,1975,0.0
02,27,1975,0.0
02,28,1975,0.0
03,01,1975,0.0
03,02,1975,0.0
03,03,1975,0.0
03,04,1975,0.0
03,05,1975,0.0
03,06,1975,0.0
03,07,1975,0.0
03,08,1975,3.5
03,09,1975,0.0
03,10,1975,0.0
03,11,1975,0.0
03,12,1975,0.0
03,13,1975,0.0
03,14,1975,0.0
03,15,1975,0.0
03,16,1975,0.0
03,17,1975,0.0
03,18,1975,0.0
03,19,1975,0.0
03,20,1975,0.0
03,21,1975,0.0
03,22,1975,0.0
03,23,1975,0.0
03,24,1975,0.0
03,25,1975,0.0
03,26,1975,0.0
03,27,1975,0.0
03,28,1975,0.0
03,29,1975,0.0
03,30,1975,0.0
03,31,1975,0.0
04,01,1975,0.0
04,02,1975,0.4
04,03,1975,11.2
04,04,1975,0.0
04,05,1975,0.0
04,06,1975,0.0
04,07,1975,0.0
04,08,1975,0.0
04,09,1975,0.0
04,10,1975,0.0
04,11,1975,0.0
04,12,1975,0.0
04,13,1975,0.0
04,14,1975,0.0
04,15,1975,0.0
04,16,1975,0.0
04,17,1975,0.0
04,18,1975,0.0
04,19,1975,0.0
04,20,1975,0.0
04,21,1975,3.2
04,22,1975,0.9
04,23,1975,0.0
04,24,1975,0.0
04,25,1975,0.0
04,26,1975,0.0
04,27,1975,0.0
04,28,1975,0.0
04,29,1975,0.4
04,30,1975,1.1
05,01,1975,0.0
05,02,1975,0.0
05,03,1975,0.0
05,04,1975,0.0
05,05,1975,0.0
05,06,1975,0.0
05,07,1975,0.0
05,08,1975,0.0
05,09,1975,0.0
05,10,1975,0.0
05,11,1975,0.0
05,12,1975,16.4
05,13,1975,0.0
05,14,1975,0.0
05,15,1975,0.0
05,16,1975,1.2
05,17,1975,0.0
05,18,1975,6.3
05,19,1975,0.0
05,20,1975,0.0
05,21,1975,1.5
05,22,1975,20.0
05,23,1975,0.0
05,24,1975,0.0
05,25,1975,8.3
05,26,1975,1.0
05,27,1975,10.2
05,28,1975,0.0
05,29,1975,5.5
05,30,1975,24.0
05,31,1975,26.1
06,01,1975,32.5
06,02,1975,1.4
06,03,1975,10.4
06,04,1975,0.0
06,05,1975,0.0
06,06,1975,0.0
06,07,1975,0.0
06,08,1975,15.4
06,09,1975,6.5
06,10,1975,2.8
06,11,1975,3.5
06,12,1975,0.0
06,13,1975,0.0
06,14,1975,0.0
06,15,1975,0.0
06,16,1975,0.0
06,17,1975,3.5
06,18,1975,33.5
06,19,1975,0.0
06,20,1975,1.3
06,21,1975,0.0
06,22,1975,7.0
06,23,1975,0.5
06,24,1975,2.2
06,25,1975,0.0
06,26,1975,0.0
06,27,1975,0.3
06,28,1975,0.0
06,29,1975,2.4
06,30,1975,0.0
07,01,1975,4.0
07,02,1975,3.2
07,03,1975,20.4
07,04,1975,17.6
07,05,1975,3.2
07,06,1975,0.5
07,07,1975,0.2
07,08,1975,6.4
07,09,1975,19.0
07,10,1975,10.0
07,11,1975,7.3
07,12,1975,9.5
07,13,1975,6.3
07,14,1975,9.2
07,15,1975,18.5
07,16,1975,0.0
07,17,1975,2.5
07,18,1975,0.0
07,19,1975,0.0
07,20,1975,11.5
07,21,1975,1.4
07,22,1975,0.4
07,23,1975,0.0
07,24,1975,0.0
07,25,1975,0.0
07,26,1975,13.3
07,27,1975,2.5
07,28,1975,0.0
07,29,1975,1.4
07,30,1975,1.1
07,31,1975,0.0
08,01,1975,2.4
08,02,1975,3.5
08,03,1975,7.5
08,04,1975,4.2
08,05,1975,8.6
08,06,1975,11.2
08,07,1975,0.0
08,08,1975,0.0
08,09,1975,3.1
08,10,1975,2.4
08,11,1975,0.0
08,12,1975,0.0
08,13,1975,0.0
08,14,1975,0.0
08,15,1975,0.0
08,16,1975,0.0
08,17,1975,0.3
08,18,1975,13.4
08,19,1975,24.3
08,20,1975,46.2
08,21,1975,26.8
08,22,1975,26.3
08,23,1975,0.0
08,24,1975,0.0
08,25,1975,0.9
08,26,1975,2.6
08,27,1975,7.0
08,28,1975,0.5
08,29,1975,0.5
08,30,1975,47.0
08,31,1975,28.5
09,01,1975,0.6
09,02,1975,1.5
09,03,1975,1.2
09,04,1975,1.5
09,05,1975,0.0
09,06,1975,4.9
09,07,1975,5.2
09,08,1975,11.7
09,09,1975,29.5
09,10,1975,38.6
09,11,1975,29.0
09,12,1975,31.7
09,13,1975,50.0
09,14,1975,16.7
09,15,1975,7.3
09,16,1975,0.0
09,17,1975,0.0
09,18,1975,0.0
09,19,1975,0.0
09,20,1975,3.2
09,21,1975,0.0
09,22,1975,16.1
09,23,1975,0.0
09,24,1975,0.0
09,25,1975,0.0
09,26,1975,0.0
09,27,1975,0.0
09,28,1975,0.0
09,29,1975,0.0
09,30,1975,0.0
10,01,1975,23.4
10,02,1975,35.5
10,03,1975,29.5
10,04,1975,9.2
10,05,1975,3.9
10,06,1975,2.2
10,07,1975,0.0
10,08,1975,1.9
10,09,1975,14.2
10,10,1975,38.9
10,11,1975,6.2
10,12,1975,0.2
10,13,1975,0.2
10,14,1975,11.8
10,15,1975,0.0
10,16,1975,0.0
10,17,1975,7.2
10,18,1975,4.8
10,19,1975,0.0
10,20,1975,0.0
10,21,1975,0.0
10,22,1975,0.0
10,23,1975,0.0
10,24,1975,0.0
10,25,1975,0.0
10,26,1975,2.9
10,27,1975,0.1
10,28,1975,1.3
10,29,1975,6.3
10,30,1975,3.5
10,31,1975,0.1
11,01,1975,0.0
11,02,1975,0.0
11,03,1975,0.0
11,04,1975,2.6
11,05,1975,1.2
11,06,1975,0.0
11,07,1975,0.0
11,08,1975,0.0
11,09,1975,0.0
11,10,1975,0.0
11,11,1975,0.0
11,12,1975,1.8
11,13,1975,10.5
11,14,1975,0.0
11,15,1975,0.0
11,16,1975,0.0
11,17,1975,0.0
11,18,1975,0.0
11,19,1975,0.0
11,20,1975,0.0
11,21,1975,0.0
11,22,1975,3.2
11,23,1975,6.0
11,24,1975,3.7
11,25,1975,0.0
11,26,1975,0.0
11,27,1975,0.0
11,28,1975,0.0
11,29,1975,0.0
11,30,1975,0.0
12,01,1975,1.3
12,02,1975,0.0
12,03,1975,0.0
12,04,1975,0.0
12,05,1975,0.0
12,06,1975,12.4
12,07,1975,2.3
12,08,1975,0.0
12,09,1975,0.0
12,10,1975,0.2
12,11,1975,0.0
12,12,1975,0.0
12,13,1975,0.0
12,14,1975,0.0
12,15,1975,0.0
12,16,1975,0.0
12,17,1975,0.0
12,18,1975,13.2
12,19,1975,1.3
12,20,1975,20.0
12,21,1975,13.5
12,22,1975,0.0
12,23,1975,0.0
12,24,1975,0.0
12,25,1975,0.0
12,26,1975,0.0
12,27,1975,0.0
12,28,1975,0.0
12,29,1975,0.0
12,30,1975,0.0
12,31,1975,0.0
01,01,1976,0.0
01,02,1976,0.0
01,03,1976,0.0
01,04,1976,0.0
01,05,1976,0.0
01,06,1976,0.0
01,07,1976,3.4
01,08,1976,3.9
01,09,1976,0.0
01,10,1976,0.0
01,11,1976,0.0
01,12,1976,0.0
01,13,1976,0.0
01,14,1976,36.3
01,15,1976,6.2
01,16,1976,10.3
01,17,1976,5.8
01,18,1976,0.0
01,19,1976,0.0
01,20,1976,2.3
01,21,1976,7.3
01,22,1976,0.0
01,23,1976,0.0
01,24,1976,0.0
01,25,1976,0.0
01,26,1976,2.1
01,27,1976,0.0
01,28,1976,0.0
01,29,1976,0.0
01,30,1976,0.0
01,31,1976,0.0
02,01,1976,0.0
02,02,1976,0.0
02,03,1976,0.0
02,04,1976,0.0
02,05,1976,0.0
02,06,1976,0.0
02,07,1976,3.3
02,08,1976,0.0
02,09,1976,0.0
02,10,1976,0.0
02,11,1976,0.0
02,12,1976,0.0
02,13,1976,0.0
02,14,1976,0.0
02,15,1976,0.0
02,16,1976,0.0
02,17,1976,0.0
02,18,1976,0.0
02,19,1976,0.0
02,20,1976,0.0
02,21,1976,2.4
02,22,1976,1.4
02,23,1976,0.0
02,24,1976,0.0
02,25,1976,0.0
02,26,1976,0.0
02,27,1976,0.0
02,28,1976,0.0
02,29,1976,0.0
03,01,1976,0.0
03,02,1976,0.0
03,03,1976,0.0
03,04,1976,0.0
03,05,1976,0.0
03,06,1976,0.0
03,07,1976,0.0
03,08,1976,0.0
03,09,1976,0.0
03,10,1976,0.0
03,11,1976,0.0
03,12,1976,0.0
03,13,1976,0.0
03,14,1976,1.0
03,15,1976,0.0
03,16,1976,8.5
03,17,1976,2.1
03,18,1976,0.0
03,19,1976,0.0
03,20,1976,0.0
03,21,1976,0.0
03,22,1976,0.0
03,23,1976,0.0
03,24,1976,0.0
03,25,1976,0.0
03,26,1976,0.0
03,27,1976,0.0
03,28,1976,0.0
03,29,1976,0.0
03,30,1976,0.0
03,31,1976,1.8
04,01,1976,0.0
04,02,1976,1.0
04,03,1976,0.0
04,04,1976,0.0
04,05,1976,0.0
04,06,1976,0.0
04,07,1976,0.0
04,08,1976,0.0
04,09,1976,0.0
04,10,1976,0.0
04,11,1976,0.0
04,12,1976,0.0
04,13,1976,0.0
04,14,1976,0.0
04,15,1976,0.0
04,16,1976,0.0
04,17,1976,4.2
04,18,1976,0.0
04,19,1976,0.0
04,20,1976,0.1
04,21,1976,18.1
04,22,1976,0.0
04,23,1976,0.0
04,24,1976,0.0
04,25,1976,7.2
04,26,1976,0.0
04,27,1976,0.0
04,28,1976,0.0
04,29,1976,0.0
04,30,1976,7.0
05,01,1976,9.4
05,02,1976,0.0
05,03,1976,0.0
05,04,1976,0.0
05,05,1976,0.0
05,06,1976,0.0
05,07,1976,0.0
05,08,1976,0.0
05,09,1976,0.0
05,10,1976,0.0
05,11,1976,0.0
05,12,1976,0.0
05,13,1976,1.5
05,14,1976,5.7
05,15,1976,1.0
05,16,1976,0.1
05,17,1976,0.0
05,18,1976,0.0
05,19,1976,0.0
05,20,1976,5.4
05,21,1976,0.0
05,22,1976,0.0
05,23,1976,0.0
05,24,1976,0.0
05,25,1976,0.0
05,26,1976,0.0
05,27,1976,0.0
05,28,1976,0.0
05,29,1976,0.0
05,30,1976,0.0
05,31,1976,0.0
06,01,1976,0.0
06,02,1976,0.0
06,03,1976,0.0
06,04,1976,0.0
06,05,1976,0.0
06,06,1976,0.0
06,07,1976,0.4
06,08,1976,1.2
06,09,1976,5.6
06,10,1976,1.0
06,11,1976,0.0
06,12,1976,1.2
06,13,1976,0.0
06,14,1976,19.1
06,15,1976,21.5
06,16,1976,0.2
06,17,1976,0.0
06,18,1976,0.0
06,19,1976,4.7
06,20,1976,29.5
06,21,1976,26.6
06,22,1976,3.7
06,23,1976,13.2
06,24,1976,31.4
06,25,1976,1.2
06,26,1976,17.4
06,27,1976,41.2
06,28,1976,41.1
06,29,1976,8.7
06,30,1976,9.5
07,01,1976,7.8
07,02,1976,6.5
07,03,1976,8.6
07,04,1976,0.1
07,05,1976,9.3
07,06,1976,32.2
07,07,1976,2.8
07,08,1976,31.4
07,09,1976,13.0
07,10,1976,19.5
07,11,1976,19.8
07,12,1976,23.0
07,13,1976,6.5
07,14,1976,14.5
07,15,1976,3.3
07,16,1976,0.0
07,17,1976,2.5
07,18,1976,2.0
07,19,1976,0.0
07,20,1976,4.3
07,21,1976,0.0
07,22,1976,2.5
07,23,1976,0.0
07,24,1976,2.5
07,25,1976,5.1
07,26,1976,9.5
07,27,1976,0.0
07,28,1976,0.0
07,29,1976,4.0
07,30,1976,0.0
07,31,1976,0.0
08,01,1976,0.0
08,02,1976,0.1
08,03,1976,2.1
08,04,1976,6.3
08,05,1976,0.0
08,06,1976,6.2
08,07,1976,15.2
08,08,1976,3.0
08,09,1976,1.7
08,10,1976,2.1
08,11,1976,2.2
08,12,1976,1.3
08,13,1976,0.0
08,14,1976,1.5
08,15,1976,2.5
08,16,1976,2.5
08,17,1976,4.4
08,18,1976,0.0
08,19,1976,5.3
08,20,1976,1.8
08,21,1976,19.0
08,22,1976,3.5
08,23,1976,1.0
08,24,1976,0.0
08,25,1976,0.0
08,26,1976,0.0
08,27,1976,0.0
08,28,1976,1.2
08,29,1976,7.7
08,30,1976,16.1
08,31,1976,4.0
09,01,1976,3.2
09,02,1976,30.1
09,03,1976,40.0
09,04,1976,8.7
09,05,1976,0.6
09,06,1976,0.0
09,07,1976,0.3
09,08,1976,28.0
09,09,1976,11.1
09,10,1976,20.5
09,11,1976,1.9
09,12,1976,1.2
09,13,1976,2.6
09,14,1976,0.0
09,15,1976,14.3
09,16,1976,12.1
09,17,1976,0.3
09,18,1976,0.0
09,19,1976,0.0
09,20,1976,1.5
09,21,1976,8.2
09,22,1976,0.0
09,23,1976,0.0
09,24,1976,0.0
09,25,1976,0.0
09,26,1976,0.0
09,27,1976,0.0
09,28,1976,0.0
09,29,1976,4.5
09,30,1976,2.8
10,01,1976,1.5
10,02,1976,0.5
10,03,1976,2.5
10,04,1976,0.0
10,05,1976,4.3
10,06,1976,4.5
10,07,1976,1.5
10,08,1976,11.2
10,09,1976,0.0
10,10,1976,0.0
10,11,1976,0.0
10,12,1976,0.0
10,13,1976,0.0
10,14,1976,0.0
10,15,1976,0.0
10,16,1976,1.2
10,17,1976,28.2
10,18,1976,0.5
10,19,1976,0.0
10,20,1976,6.6
10,21,1976,5.2
10,22,1976,0.0
10,23,1976,0.0
10,24,1976,0.0
10,25,1976,0.0
10,26,1976,0.0
10,27,1976,0.0
10,28,1976,0.0
10,29,1976,0.0
10,30,1976,1.2
10,31,1976,4.5
11,01,1976,2.3
11,02,1976,2.5
11,03,1976,1.3
11,04,1976,9.6
11,05,1976,9.4
11,06,1976,0.5
11,07,1976,6.1
11,08,1976,3.5
11,09,1976,0.0
11,10,1976,0.0
11,11,1976,0.0
11,12,1976,0.0
11,13,1976,0.0
11,14,1976,0.0
11,15,1976,9.2
11,16,1976,0.0
11,17,1976,0.0
11,18,1976,0.0
11,19,1976,0.0
11,20,1976,0.0
11,21,1976,0.5
11,22,1976,1.7
11,23,1976,1.6
11,24,1976,7.1
11,25,1976,0.0
11,26,1976,0.0
11,27,1976,0.0
11,28,1976,0.0
11,29,1976,0.0
11,30,1976,0.0
12,01,1976,0.0
12,02,1976,0.0
12,03,1976,0.0
12,04,1976,0.0
12,05,1976,0.0
12,06,1976,0.0
12,07,1976,0.0
12,08,1976,0.0
12,09,1976,0.0
12,10,1976,0.0
12,11,1976,0.0
12,12,1976,0.0
12,13,1976,0.0
12,14,1976,0.0
12,15,1976,0.0
12,16,1976,0.0
12,17,1976,0.0
12,18,1976,0.0
12,19,1976,0.0
12,20,1976,1.8
12,21,1976,0.0
12,22,1976,0.0
12,23,1976,0.0
12,24,1976,0.0
12,25,1976,0.0
12,26,1976,0.5
12,27,1976,0.0
12,28,1976,0.0
12,29,1976,0.0
12,30,1976,0.0
12,31,1976,0.0
01,01,1977,0.0
01,02,1977,0.0
01,03,1977,0.0
01,04,1977,0.0
01,05,1977,0.0
01,06,1977,0.0
01,07,1977,0.0
01,08,1977,0.0
01,09,1977,0.0
01,10,1977,0.0
01,11,1977,0.0
01,12,1977,0.0
01,13,1977,0.0
01,14,1977,0.0
01,15,1977,0.0
01,16,1977,1.3
01,17,1977,0.0
01,18,1977,0.0
01,19,1977,0.0
01,20,1977,0.0
01,21,1977,0.0
01,22,1977,0.0
01,23,1977,0.0
01,24,1977,0.0
01,25,1977,0.0
01,26,1977,0.0
01,27,1977,0.0
01,28,1977,0.0
01,29,1977,0.0
01,30,1977,0.0
01,31,1977,0.0
02,01,1977,0.0
02,02,1977,0.0
02,03,1977,0.0
02,04,1977,0.0
02,05,1977,0.0
02,06,1977,0.0
02,07,1977,0.0
02,08,1977,1.3
02,09,1977,0.0
02,10,1977,0.0
02,11,1977,0.0
02,12,1977,0.0
02,13,1977,0.0
02,14,1977,0.0
02,15,1977,0.0
02,16,1977,0.0
02,17,1977,0.0
02,18,1977,0.0
02,19,1977,0.0
02,20,1977,0.0
02,21,1977,0.0
02,22,1977,0.0
02,23,1977,0.0
02,24,1977,0.0
02,25,1977,0.0
02,26,1977,0.0
02,27,1977,0.0
02,28,1977,0.0
03,01,1977,0.0
03,02,1977,0.0
03,03,1977,0.0
03,04,1977,0.0
03,05,1977,0.0
03,06,1977,0.0
03,07,1977,0.1
03,08,1977,0.0
03,09,1977,0.0
03,10,1977,0.0
03,11,1977,0.0
03,12,1977,0.0
03,13,1977,0.0
03,14,1977,0.0
03,15,1977,0.0
03,16,1977,0.0
03,17,1977,0.0
03,18,1977,0.0
03,19,1977,0.0
03,20,1977,0.0
03,21,1977,1.5
03,22,1977,2.5
03,23,1977,0.0
03,24,1977,0.0
03,25,1977,0.0
03,26,1977,0.0
03,27,1977,0.0
03,28,1977,0.0
03,29,1977,0.0
03,30,1977,0.0
03,31,1977,0.0
04,01,1977,0.0
04,02,1977,0.0
04,03,1977,0.0
04,04,1977,0.0
04,05,1977,0.0
04,06,1977,0.0
04,07,1977,0.0
04,08,1977,0.0
04,09,1977,0.0
04,10,1977,0.0
04,11,1977,0.0
04,12,1977,0.0
04,13,1977,0.0
04,14,1977,0.0
04,15,1977,0.0
04,16,1977,0.0
04,17,1977,0.0
04,18,1977,0.0
04,19,1977,0.0
04,20,1977,0.0
04,21,1977,10.1
04,22,1977,0.1
04,23,1977,0.1
04,24,1977,0.0
04,25,1977,3.5
04,26,1977,6.9
04,27,1977,12.0
04,28,1977,0.0
04,29,1977,0.0
04,30,1977,5.1
05,01,1977,0.0
05,02,1977,2.5
05,03,1977,0.0
05,04,1977,0.0
05,05,1977,0.0
05,06,1977,0.0
05,07,1977,0.0
05,08,1977,0.0
05,09,1977,0.0
05,10,1977,5.5
05,11,1977,6.1
05,12,1977,0.1
05,13,1977,0.0
05,14,1977,4.5
05,15,1977,0.0
05,16,1977,0.0
05,17,1977,0.0
05,18,1977,0.0
05,19,1977,0.0
05,20,1977,0.0
05,21,1977,0.0
05,22,1977,0.0
05,23,1977,0.0
05,24,1977,6.0
05,25,1977,0.0
05,26,1977,3.1
05,27,1977,0.0
05,28,1977,0.0
05,29,1977,0.0
05,30,1977,0.1
05,31,1977,0.0
06,01,1977,0.0
06,02,1977,0.0
06,03,1977,0.0
06,04,1977,0.0
06,05,1977,0.0
06,06,1977,0.1
06,07,1977,0.0
06,08,1977,0.0
06,09,1977,0.0
06,10,1977,0.0
06,11,1977,37.5
06,12,1977,24.0
06,13,1977,2.9
06,14,1977,3.5
06,15,1977,10.0
06,16,1977,2.5
06,17,1977,1.5
06,18,1977,12.1
06,19,1977,18.9
06,20,1977,8.0
06,21,1977,34.3
06,22,1977,11.2
06,23,1977,10.4
06,24,1977,6.0
06,25,1977,0.0
06,26,1977,0.0
06,27,1977,0.0
06,28,1977,0.0
06,29,1977,0.1
06,30,1977,9.5
07,01,1977,13.9
07,02,1977,2.5
07,03,1977,10.5
07,04,1977,5.5
07,05,1977,12.5
07,06,1977,3.2
07,07,1977,0.0
07,08,1977,0.1
07,09,1977,0.0
07,10,1977,0.0
07,11,1977,0.0
07,12,1977,4.5
07,13,1977,9.0
07,14,1977,0.0
07,15,1977,0.0
07,16,1977,1.7
07,17,1977,0.0
07,18,1977,0.0
07,19,1977,0.0
07,20,1977,3.5
07,21,1977,0.0
07,22,1977,9.5
07,23,1977,13.7
07,24,1977,0.0
07,25,1977,3.8
07,26,1977,0.3
07,27,1977,0.0
07,28,1977,0.0
07,29,1977,0.0
07,30,1977,0.4
07,31,1977,3.3
08,01,1977,1.1
08,02,1977,0.0
08,03,1977,6.2
08,04,1977,3.0
08,05,1977,0.1
08,06,1977,11.7
08,07,1977,3.5
08,08,1977,0.0
08,09,1977,9.2
08,10,1977,11.5
08,11,1977,10.5
08,12,1977,16.4
08,13,1977,4.0
08,14,1977,0.0
08,15,1977,1.8
08,16,1977,2.3
08,17,1977,7.1
08,18,1977,1.5
08,19,1977,0.0
08,20,1977,0.0
08,21,1977,3.9
08,22,1977,0.0
08,23,1977,0.0
08,24,1977,0.0
08,25,1977,0.0
08,26,1977,1.9
08,27,1977,24.5
08,28,1977,8.2
08,29,1977,5.9
08,30,1977,0.0
08,31,1977,0.0
09,01,1977,0.0
09,02,1977,16.3
09,03,1977,5.2
09,04,1977,13.5
09,05,1977,0.0
09,06,1977,0.0
09,07,1977,0.0
09,08,1977,6.4
09,09,1977,0.0
09,10,1977,0.0
09,11,1977,0.0
09,12,1977,0.0
09,13,1977,0.0
09,14,1977,5.9
09,15,1977,0.5
09,16,1977,3.5
09,17,1977,17.0
09,18,1977,0.0
09,19,1977,3.4
09,20,1977,11.2
09,21,1977,0.8
09,22,1977,8.3
09,23,1977,4.9
09,24,1977,0.0
09,25,1977,0.0
09,26,1977,0.0
09,27,1977,0.0
09,28,1977,0.0
09,29,1977,0.1
09,30,1977,0.0
10,01,1977,2.2
10,02,1977,12.1
10,03,1977,8.8
10,04,1977,5.4
10,05,1977,0.1
10,06,1977,0.0
10,07,1977,0.0
10,08,1977,0.0
10,09,1977,0.0
10,10,1977,0.0
10,11,1977,3.5
10,12,1977,20.1
10,13,1977,4.4
10,14,1977,0.0
10,15,1977,3.4
10,16,1977,3.5
10,17,1977,0.0
10,18,1977,0.0
10,19,1977,0.0
10,20,1977,1.6
10,21,1977,0.0
10,22,1977,1.5
10,23,1977,0.0
10,24,1977,0.0
10,25,1977,2.5
10,26,1977,0.0
10,27,1977,0.0
10,28,1977,6.5
10,29,1977,4.7
10,30,1977,0.0
10,31,1977,0.0
11,01,1977,3.0
11,02,1977,8.5
11,03,1977,0.0
11,04,1977,0.0
11,05,1977,0.0
11,06,1977,0.0
11,07,1977,0.0
11,08,1977,0.0
11,09,1977,12.6
11,10,1977,21.3
11,11,1977,7.9
11,12,1977,2.8
11,13,1977,0.0
11,14,1977,0.0
11,15,1977,0.0
11,16,1977,0.0
11,17,1977,0.0
11,18,1977,0.0
11,19,1977,0.0
11,20,1977,0.0
11,21,1977,0.0
11,22,1977,1.0
11,23,1977,0.0
11,24,1977,0.0
11,25,1977,0.0
11,26,1977,0.0
11,27,1977,0.0
11,28,1977,0.0
11,29,1977,0.0
11,30,1977,0.0
12,01,1977,0.0
12,02,1977,0.0
12,03,1977,0.0
12,04,1977,0.0
12,05,1977,0.0
12,06,1977,0.0
12,07,1977,0.0
12,08,1977,0.0
12,09,1977,14.5
12,10,1977,10.8
12,11,1977,6.2
12,12,1977,0.0
12,13,1977,1.5
12,14,1977,2.1
12,15,1977,1.5
12,16,1977,0.0
12,17,1977,0.0
12,18,1977,0.0
12,19,1977,0.0
12,20,1977,2.4
12,21,1977,0.0
12,22,1977,0.7
12,23,1977,0.0
12,24,1977,0.0
12,25,1977,0.0
12,26,1977,0.0
12,27,1977,0.0
12,28,1977,0.0
12,29,1977,0.0
12,30,1977,0.0
12,31,1977,0.0
01,01,1978,0.0
01,02,1978,0.0
01,03,1978,0.0
01,04,1978,0.0
01,05,1978,0.0
01,06,1978,0.0
01,07,1978,0.0
01,08,1978,0.0
01,09,1978,0.0
01,10,1978,0.0
01,11,1978,0.0
01,12,1978,0.0
01,13,1978,0.0
01,14,1978,0.0
01,15,1978,0.0
01,16,1978,0.0
01,17,1978,0.0
01,18,1978,0.0
01,19,1978,0.0
01,20,1978,0.0
01,21,1978,0.0
01,22,1978,0.0
01,23,1978,0.0
01,24,1978,0.0
01,25,1978,0.0
01,26,1978,0.0
01,27,1978,0.0
01,28,1978,0.0
01,29,1978,0.0
01,30,1978,0.0
01,31,1978,0.0
02,01,1978,0.0
02,02,1978,0.0
02,03,1978,0.0
02,04,1978,7.0
02,05,1978,8.6
02,06,1978,0.0
02,07,1978,0.0
02,08,1978,0.0
02,09,1978,0.0
02,10,1978,0.0
02,11,1978,0.0
02,12,1978,0.0
02,13,1978,0.0
02,14,1978,0.0
02,15,1978,0.0
02,16,1978,0.0
02,17,1978,0.0
02,18,1978,0.0
02,19,1978,0.0
02,20,1978,0.0
02,21,1978,0.0
02,22,1978,0.0
02,23,1978,3.0
02,24,1978,0.0
02,25,1978,0.0
02,26,1978,0.0
02,27,1978,0.0
02,28,1978,0.0
03,01,1978,0.0
03,02,1978,0.0
03,03,1978,0.0
03,04,1978,0.0
03,05,1978,0.0
03,06,1978,0.0
03,07,1978,0.0
03,08,1978,0.0
03,09,1978,0.0
03,10,1978,0.0
03,11,1978,0.0
03,12,1978,0.0
03,13,1978,0.0
03,14,1978,0.0
03,15,1978,0.0
03,16,1978,0.1
03,17,1978,0.1
03,18,1978,0.0
03,19,1978,0.0
03,20,1978,0.0
03,21,1978,0.0
03,22,1978,0.0
03,23,1978,0.0
03,24,1978,0.2
03,25,1978,0.0
03,26,1978,2.5
03,27,1978,0.0
03,28,1978,0.0
03,29,1978,0.0
03,30,1978,0.0
03,31,1978,0.0
04,01,1978,0.0
04,02,1978,0.0
04,03,1978,0.0
04,04,1978,0.0
04,05,1978,0.0
04,06,1978,0.0
04,07,1978,0.0
04,08,1978,0.0
04,09,1978,0.0
04,10,1978,0.0
04,11,1978,0.1
04,12,1978,0.0
04,13,1978,0.0
04,14,1978,0.0
04,15,1978,0.2
04,16,1978,0.0
04,17,1978,0.0
04,18,1978,0.0
04,19,1978,0.0
04,20,1978,15.2
04,21,1978,0.0
04,22,1978,0.0
04,23,1978,0.0
04,24,1978,11.2
04,25,1978,0.0
04,26,1978,0.0
04,27,1978,0.0
04,28,1978,0.0
04,29,1978,0.0
04,30,1978,7.0
05,01,1978,0.0
05,02,1978,0.0
05,03,1978,0.0
05,04,1978,0.0
05,05,1978,0.0
05,06,1978,0.0
05,07,1978,0.0
05,08,1978,0.0
05,09,1978,0.0
05,10,1978,0.0
05,11,1978,0.0
05,12,1978,0.0
05,13,1978,4.4
05,14,1978,0.0
05,15,1978,0.0
05,16,1978,5.0
05,17,1978,1.2
05,18,1978,0.0
05,19,1978,1.1
05,20,1978,0.0
05,21,1978,0.0
05,22,1978,0.6
05,23,1978,0.0
05,24,1978,0.9
05,25,1978,0.0
05,26,1978,3.7
05,27,1978,2.8
05,28,1978,0.3
05,29,1978,2.0
05,30,1978,3.9
05,31,1978,5.9
06,01,1978,6.8
06,02,1978,18.5
06,03,1978,19.6
06,04,1978,26.6
06,05,1978,23.5
06,06,1978,13.7
06,07,1978,30.4
06,08,1978,11.2
06,09,1978,50.9
06,10,1978,5.5
06,11,1978,10.8
06,12,1978,17.3
06,13,1978,6.9
06,14,1978,5.9
06,15,1978,1.0
06,16,1978,3.0
06,17,1978,6.0
06,18,1978,1.0
06,19,1978,0.0
06,20,1978,0.0
06,21,1978,12.1
06,22,1978,5.2
06,23,1978,3.1
06,24,1978,1.0
06,25,1978,0.0
06,26,1978,21.0
06,27,1978,3.2
06,28,1978,23.2
06,29,1978,1.0
06,30,1978,0.0
07,01,1978,0.0
07,02,1978,0.1
07,03,1978,1.1
07,04,1978,5.5
07,05,1978,3.8
07,06,1978,9.3
07,07,1978,27.7
07,08,1978,5.7
07,09,1978,26.1
07,10,1978,14.8
07,11,1978,13.2
07,12,1978,0.0
07,13,1978,4.2
07,14,1978,0.9
07,15,1978,4.0
07,16,1978,1.4
07,17,1978,2.4
07,18,1978,1.0
07,19,1978,4.2
07,20,1978,2.5
07,21,1978,9.0
07,22,1978,12.6
07,23,1978,8.0
07,24,1978,0.0
07,25,1978,7.1
07,26,1978,3.5
07,27,1978,5.5
07,28,1978,0.0
07,29,1978,0.0
07,30,1978,0.0
07,31,1978,0.0
08,01,1978,0.0
08,02,1978,0.0
08,03,1978,0.0
08,04,1978,0.0
08,05,1978,0.0
08,06,1978,1.7
08,07,1978,0.0
08,08,1978,15.3
08,09,1978,6.2
08,10,1978,0.1
08,11,1978,0.0
08,12,1978,18.0
08,13,1978,0.1
08,14,1978,1.2
08,15,1978,1.2
08,16,1978,3.0
08,17,1978,1.5
08,18,1978,0.0
08,19,1978,13.3
08,20,1978,8.5
08,21,1978,0.0
08,22,1978,6.0
08,23,1978,3.6
08,24,1978,8.0
08,25,1978,5.2
08,26,1978,0.0
08,27,1978,0.0
08,28,1978,0.0
08,29,1978,0.0
08,30,1978,6.4
08,31,1978,4.0
09,01,1978,null
09,02,1978,null
09,03,1978,null
09,04,1978,null
09,05,1978,null
09,06,1978,null
09,07,1978,null
09,08,1978,null
09,09,1978,null
09,10,1978,null
09,11,1978,null
09,12,1978,null
09,13,1978,null
09,14,1978,null
09,15,1978,null
09,16,1978,null
09,17,1978,null
09,18,1978,null
09,19,1978,null
09,20,1978,null
09,21,1978,null
09,22,1978,null
09,23,1978,null
09,24,1978,null
09,25,1978,null
09,26,1978,null
09,27,1978,null
09,28,1978,null
09,29,1978,null
09,30,1978,null
10,01,1978,1.0
10,02,1978,0.0
10,03,1978,4.1
10,04,1978,10.4
10,05,1978,7.7
10,06,1978,8.6
10,07,1978,2.9
10,08,1978,1.2
10,09,1978,27.5
10,10,1978,8.6
10,11,1978,0.0
10,12,1978,39.5
10,13,1978,5.6
10,14,1978,7.9
10,15,1978,13.4
10,16,1978,3.4
10,17,1978,5.5
10,18,1978,8.8
10,19,1978,1.5
10,20,1978,0.2
10,21,1978,0.0
10,22,1978,0.0
10,23,1978,0.0
10,24,1978,0.0
10,25,1978,0.0
10,26,1978,0.0
10,27,1978,0.0
10,28,1978,8.8
10,29,1978,3.5
10,30,1978,1.5
10,31,1978,3.1
11,01,1978,0.0
11,02,1978,6.9
11,03,1978,3.5
11,04,1978,0.0
11,05,1978,0.0
11,06,1978,0.0
11,07,1978,4.5
11,08,1978,0.0
11,09,1978,0.0
11,10,1978,0.0
11,11,1978,0.0
11,12,1978,0.0
11,13,1978,0.0
11,14,1978,0.0
11,15,1978,0.0
11,16,1978,0.0
11,17,1978,0.5
11,18,1978,1.5
11,19,1978,1.1
11,20,1978,1.5
11,21,1978,5.1
11,22,1978,0.2
11,23,1978,3.5
11,24,1978,0.0
11,25,1978,0.0
11,26,1978,0.4
11,27,1978,0.0
11,28,1978,0.3
11,29,1978,0.0
11,30,1978,0.0
12,01,1978,0.0
12,02,1978,0.0
12,03,1978,0.0
12,04,1978,0.0
12,05,1978,0.0
12,06,1978,0.0
12,07,1978,0.0
12,08,1978,0.9
12,09,1978,1.0
12,10,1978,0.0
12,11,1978,22.4
12,12,1978,27.1
12,13,1978,0.7
12,14,1978,0.1
12,15,1978,0.0
12,16,1978,0.0
12,17,1978,36.9
12,18,1978,0.0
12,19,1978,0.0
12,20,1978,0.0
12,21,1978,0.0
12,22,1978,0.0
12,23,1978,0.0
12,24,1978,0.0
12,25,1978,0.0
12,26,1978,0.0
12,27,1978,0.0
12,28,1978,0.0
12,29,1978,0.0
12,30,1978,0.0
12,31,1978,0.0
01,01,1979,2.8
01,02,1979,4.3
01,03,1979,0.0
01,04,1979,0.0
01,05,1979,0.0
01,06,1979,0.0
01,07,1979,0.0
01,08,1979,2.7
01,09,1979,0.0
01,10,1979,0.0
01,11,1979,0.0
01,12,1979,0.0
01,13,1979,0.1
01,14,1979,0.0
01,15,1979,0.0
01,16,1979,0.0
01,17,1979,0.0
01,18,1979,0.0
01,19,1979,0.0
01,20,1979,0.0
01,21,1979,0.0
01,22,1979,0.0
01,23,1979,0.0
01,24,1979,0.0
01,25,1979,0.0
01,26,1979,0.0
01,27,1979,0.0
01,28,1979,0.0
01,29,1979,0.0
01,30,1979,0.0
01,31,1979,0.0
02,01,1979,0.0
02,02,1979,0.0
02,03,1979,0.0
02,04,1979,0.0
02,05,1979,0.0
02,06,1979,0.0
02,07,1979,0.0
02,08,1979,0.0
02,09,1979,1.0
02,10,1979,0.0
02,11,1979,0.0
02,12,1979,0.0
02,13,1979,0.0
02,14,1979,0.0
02,15,1979,4.7
02,16,1979,0.0
02,17,1979,0.0
02,18,1979,0.0
02,19,1979,0.0
02,20,1979,6.9
02,21,1979,7.5
02,22,1979,0.0
02,23,1979,0.0
02,24,1979,1.0
02,25,1979,1.0
02,26,1979,0.0
02,27,1979,0.0
02,28,1979,2.2
03,01,1979,0.0
03,02,1979,0.0
03,03,1979,0.0
03,04,1979,0.0
03,05,1979,0.0
03,06,1979,0.0
03,07,1979,0.0
03,08,1979,0.0
03,09,1979,0.0
03,10,1979,1.0
03,11,1979,1.0
03,12,1979,0.0
03,13,1979,0.0
03,14,1979,0.0
03,15,1979,0.0
03,16,1979,0.0
03,17,1979,0.0
03,18,1979,0.0
03,19,1979,0.0
03,20,1979,2.6
03,21,1979,0.0
03,22,1979,10.0
03,23,1979,0.0
03,24,1979,2.1
03,25,1979,0.6
03,26,1979,0.0
03,27,1979,0.0
03,28,1979,0.0
03,29,1979,0.0
03,30,1979,0.0
03,31,1979,12.0
04,01,1979,0.9
04,02,1979,0.3
04,03,1979,0.0
04,04,1979,0.0
04,05,1979,0.0
04,06,1979,0.0
04,07,1979,0.0
04,08,1979,0.0
04,09,1979,0.0
04,10,1979,0.0
04,11,1979,0.0
04,12,1979,0.0
04,13,1979,0.0
04,14,1979,0.0
04,15,1979,0.0
04,16,1979,0.6
04,17,1979,2.8
04,18,1979,0.0
04,19,1979,0.0
04,20,1979,10.2
04,21,1979,6.1
04,22,1979,2.1
04,23,1979,9.2
04,24,1979,19.4
04,25,1979,0.0
04,26,1979,0.0
04,27,1979,0.0
04,28,1979,3.6
04,29,1979,2.0
04,30,1979,8.5
05,01,1979,0.0
05,02,1979,0.0
05,03,1979,0.0
05,04,1979,0.0
05,05,1979,0.0
05,06,1979,0.0
05,07,1979,0.0
05,08,1979,0.0
05,09,1979,0.0
05,10,1979,0.0
05,11,1979,0.0
05,12,1979,13.8
05,13,1979,2.7
05,14,1979,1.0
05,15,1979,2.2
05,16,1979,1.0
05,17,1979,0.0
05,18,1979,0.0
05,19,1979,0.0
05,20,1979,0.0
05,21,1979,0.0
05,22,1979,0.0
05,23,1979,6.5
05,24,1979,0.0
05,25,1979,0.2
05,26,1979,0.0
05,27,1979,5.5
05,28,1979,7.2
05,29,1979,7.5
05,30,1979,1.0
05,31,1979,0.0
06,01,1979,2.3
06,02,1979,5.9
06,03,1979,0.6
06,04,1979,1.8
06,05,1979,5.6
06,06,1979,0.0
06,07,1979,1.4
06,08,1979,0.5
06,09,1979,20.5
06,10,1979,23.5
06,11,1979,14.1
06,12,1979,0.5
06,13,1979,0.0
06,14,1979,0.0
06,15,1979,0.0
06,16,1979,0.0
06,17,1979,0.0
06,18,1979,0.0
06,19,1979,15.7
06,20,1979,4.3
06,21,1979,18.4
06,22,1979,0.0
06,23,1979,0.0
06,24,1979,16.1
06,25,1979,6.5
06,26,1979,0.0
06,27,1979,0.2
06,28,1979,0.2
06,29,1979,1.0
06,30,1979,0.2
07,01,1979,0.0
07,02,1979,0.0
07,03,1979,2.5
07,04,1979,2.1
07,05,1979,0.4
07,06,1979,16.3
07,07,1979,0.4
07,08,1979,6.5
07,09,1979,30.1
07,10,1979,10.0
07,11,1979,0.3
07,12,1979,0.9
07,13,1979,4.2
07,14,1979,3.4
07,15,1979,3.1
07,16,1979,3.6
07,17,1979,0.0
07,18,1979,0.4
07,19,1979,10.6
07,20,1979,11.3
07,21,1979,1.5
07,22,1979,0.0
07,23,1979,4.5
07,24,1979,2.7
07,25,1979,0.8
07,26,1979,1.5
07,27,1979,2.5
07,28,1979,2.8
07,29,1979,7.8
07,30,1979,0.3
07,31,1979,1.0
08,01,1979,0.0
08,02,1979,0.0
08,03,1979,2.2
08,04,1979,13.4
08,05,1979,27.7
08,06,1979,6.0
08,07,1979,2.5
08,08,1979,12.0
08,09,1979,3.6
08,10,1979,4.1
08,11,1979,0.0
08,12,1979,0.6
08,13,1979,16.8
08,14,1979,31.7
08,15,1979,5.0
08,16,1979,2.9
08,17,1979,4.2
08,18,1979,0.8
08,19,1979,16.6
08,20,1979,11.9
08,21,1979,8.2
08,22,1979,4.9
08,23,1979,2.4
08,24,1979,2.6
08,25,1979,12.4
08,26,1979,4.4
08,27,1979,0.3
08,28,1979,20.1
08,29,1979,0.1
08,30,1979,1.1
08,31,1979,0.8
09,01,1979,3.0
09,02,1979,12.7
09,03,1979,3.6
09,04,1979,7.6
09,05,1979,23.0
09,06,1979,18.6
09,07,1979,6.4
09,08,1979,48.7
09,09,1979,18.9
09,10,1979,55.1
09,11,1979,16.0
09,12,1979,1.6
09,13,1979,0.0
09,14,1979,0.8
09,15,1979,1.6
09,16,1979,7.1
09,17,1979,7.4
09,18,1979,2.0
09,19,1979,21.4
09,20,1979,4.6
09,21,1979,16.1
09,22,1979,0.0
09,23,1979,0.5
09,24,1979,1.0
09,25,1979,0.0
09,26,1979,0.0
09,27,1979,0.0
09,28,1979,0.0
09,29,1979,0.0
09,30,1979,0.0
10,01,1979,0.0
10,02,1979,0.0
10,03,1979,0.0
10,04,1979,7.2
10,05,1979,1.0
10,06,1979,0.0
10,07,1979,0.0
10,08,1979,0.0
10,09,1979,0.0
10,10,1979,0.9
10,11,1979,4.4
10,12,1979,0.0
10,13,1979,0.0
10,14,1979,2.5
10,15,1979,0.0
10,16,1979,0.0
10,17,1979,0.0
10,18,1979,0.0
10,19,1979,0.0
10,20,1979,0.0
10,21,1979,0.0
10,22,1979,19.5
10,23,1979,20.7
10,24,1979,2.5
10,25,1979,0.0
10,26,1979,1.0
10,27,1979,44.1
10,28,1979,0.0
10,29,1979,2.0
10,30,1979,0.0
10,31,1979,0.0
11,01,1979,0.0
11,02,1979,0.0
11,03,1979,1.8
11,04,1979,0.0
11,05,1979,0.0
11,06,1979,1.1
11,07,1979,0.0
11,08,1979,0.0
11,09,1979,0.0
11,10,1979,0.0
11,11,1979,0.0
11,12,1979,3.2
11,13,1979,8.8
11,14,1979,3.6
11,15,1979,0.1
11,16,1979,0.0
11,17,1979,11.4
11,18,1979,0.0
11,19,1979,0.1
11,20,1979,0.1
11,21,1979,0.1
11,22,1979,0.0
11,23,1979,0.0
11,24,1979,0.0
11,25,1979,0.0
11,26,1979,0.0
11,27,1979,0.0
11,28,1979,2.5
11,29,1979,6.8
11,30,1979,0.0
12,01,1979,0.2
12,02,1979,3.5
12,03,1979,1.9
12,04,1979,0.0
12,05,1979,0.0
12,06,1979,0.0
12,07,1979,0.0
12,08,1979,1.2
12,09,1979,3.7
12,10,1979,2.5
12,11,1979,0.0
12,12,1979,0.0
12,13,1979,0.0
12,14,1979,1.0
12,15,1979,0.0
12,16,1979,0.5
12,17,1979,13.4
12,18,1979,0.9
12,19,1979,0.0
12,20,1979,0.0
12,21,1979,0.0
12,22,1979,0.0
12,23,1979,0.0
12,24,1979,6.0
12,25,1979,0.0
12,26,1979,0.0
12,27,1979,0.0
12,28,1979,0.0
12,29,1979,0.0
12,30,1979,0.0
12,31,1979,4.3
01,01,1980,0.1
01,02,1980,0.0
01,03,1980,0.0
01,04,1980,0.0
01,05,1980,0.0
01,06,1980,0.0
01,07,1980,0.0
01,08,1980,0.0
01,09,1980,0.0
01,10,1980,0.0
01,11,1980,0.0
01,12,1980,0.0
01,13,1980,0.0
01,14,1980,0.0
01,15,1980,0.0
01,16,1980,0.0
01,17,1980,0.0
01,18,1980,0.0
01,19,1980,3.7
01,20,1980,0.0
01,21,1980,0.0
01,22,1980,0.0
01,23,1980,0.0
01,24,1980,0.0
01,25,1980,0.0
01,26,1980,0.0
01,27,1980,0.0
01,28,1980,0.0
01,29,1980,0.0
01,30,1980,0.0
01,31,1980,4.5
02,01,1980,0.0
02,02,1980,0.0
02,03,1980,3.9
02,04,1980,0.0
02,05,1980,0.0
02,06,1980,0.0
02,07,1980,0.0
02,08,1980,0.0
02,09,1980,0.0
02,10,1980,0.0
02,11,1980,0.0
02,12,1980,0.0
02,13,1980,0.0
02,14,1980,0.0
02,15,1980,0.0
02,16,1980,0.0
02,17,1980,0.0
02,18,1980,0.0
02,19,1980,0.0
02,20,1980,0.0
02,21,1980,0.0
02,22,1980,0.0
02,23,1980,0.0
02,24,1980,0.0
02,25,1980,1.7
02,26,1980,0.0
02,27,1980,0.0
02,28,1980,0.0
02,29,1980,0.0
03,01,1980,0.0
03,02,1980,0.0
03,03,1980,0.0
03,04,1980,0.0
03,05,1980,0.0
03,06,1980,0.0
03,07,1980,0.0
03,08,1980,0.0
03,09,1980,0.0
03,10,1980,0.0
03,11,1980,0.0
03,12,1980,0.0
03,13,1980,0.0
03,14,1980,0.0
03,15,1980,0.0
03,16,1980,0.0
03,17,1980,2.2
03,18,1980,0.0
03,19,1980,0.0
03,20,1980,0.0
03,21,1980,0.1
03,22,1980,0.0
03,23,1980,0.0
03,24,1980,0.0
03,25,1980,0.0
03,26,1980,0.0
03,27,1980,0.0
03,28,1980,0.0
03,29,1980,0.0
03,30,1980,0.0
03,31,1980,0.0
04,01,1980,0.0
04,02,1980,0.0
04,03,1980,0.0
04,04,1980,0.0
04,05,1980,0.0
04,06,1980,0.0
04,07,1980,2.8
04,08,1980,1.8
04,09,1980,0.0
04,10,1980,0.0
04,11,1980,15.0
04,12,1980,0.0
04,13,1980,0.0
04,14,1980,0.0
04,15,1980,0.0
04,16,1980,9.1
04,17,1980,0.0
04,18,1980,0.0
04,19,1980,0.0
04,20,1980,0.0
04,21,1980,0.0
04,22,1980,0.0
04,23,1980,0.0
04,24,1980,0.0
04,25,1980,0.0
04,26,1980,1.5
04,27,1980,0.0
04,28,1980,0.0
04,29,1980,2.3
04,30,1980,0.0
05,01,1980,0.0
05,02,1980,0.0
05,03,1980,4.5
05,04,1980,0.0
05,05,1980,0.5
05,06,1980,4.0
05,07,1980,6.4
05,08,1980,11.1
05,09,1980,0.0
05,10,1980,0.0
05,11,1980,0.0
05,12,1980,0.0
05,13,1980,0.0
05,14,1980,0.0
05,15,1980,17.0
05,16,1980,15.5
05,17,1980,0.0
05,18,1980,0.0
05,19,1980,0.0
05,20,1980,0.0
05,21,1980,0.0
05,22,1980,0.0
05,23,1980,0.0
05,24,1980,0.0
05,25,1980,1.4
05,26,1980,0.0
05,27,1980,0.0
05,28,1980,0.3
05,29,1980,0.0
05,30,1980,0.0
05,31,1980,0.0
06,01,1980,0.0
06,02,1980,2.5
06,03,1980,5.3
06,04,1980,0.0
06,05,1980,0.3
06,06,1980,9.5
06,07,1980,1.9
06,08,1980,5.9
06,09,1980,2.0
06,10,1980,0.0
06,11,1980,0.1
06,12,1980,1.5
06,13,1980,0.1
06,14,1980,3.7
06,15,1980,2.5
06,16,1980,16.0
06,17,1980,40.5
06,18,1980,0.0
06,19,1980,19.2
06,20,1980,16.5
06,21,1980,8.2
06,22,1980,5.9
06,23,1980,1.7
06,24,1980,10.7
06,25,1980,4.0
06,26,1980,4.0
06,27,1980,0.0
06,28,1980,0.0
06,29,1980,0.0
06,30,1980,0.1
07,01,1980,0.0
07,02,1980,0.0
07,03,1980,0.0
07,04,1980,1.0
07,05,1980,2.9
07,06,1980,3.6
07,07,1980,4.8
07,08,1980,8.1
07,09,1980,5.9
07,10,1980,0.0
07,11,1980,4.0
07,12,1980,3.2
07,13,1980,0.1
07,14,1980,7.7
07,15,1980,12.2
07,16,1980,0.0
07,17,1980,28.2
07,18,1980,27.8
07,19,1980,0.1
07,20,1980,0.4
07,21,1980,2.2
07,22,1980,0.0
07,23,1980,2.1
07,24,1980,0.6
07,25,1980,3.8
07,26,1980,0.0
07,27,1980,0.0
07,28,1980,0.0
07,29,1980,14.5
07,30,1980,15.2
07,31,1980,37.9
08,01,1980,5.2
08,02,1980,0.0
08,03,1980,22.2
08,04,1980,0.0
08,05,1980,0.2
08,06,1980,8.0
08,07,1980,0.2
08,08,1980,31.4
08,09,1980,0.2
08,10,1980,7.8
08,11,1980,9.4
08,12,1980,25.5
08,13,1980,0.8
08,14,1980,1.0
08,15,1980,0.3
08,16,1980,0.0
08,17,1980,0.2
08,18,1980,1.7
08,19,1980,0.0
08,20,1980,0.0
08,21,1980,9.3
08,22,1980,9.1
08,23,1980,6.1
08,24,1980,2.9
08,25,1980,0.0
08,26,1980,0.0
08,27,1980,1.0
08,28,1980,0.5
08,29,1980,1.5
08,30,1980,0.9
08,31,1980,0.8
09,01,1980,0.0
09,02,1980,30.1
09,03,1980,2.2
09,04,1980,12.3
09,05,1980,5.1
09,06,1980,0.7
09,07,1980,9.6
09,08,1980,5.8
09,09,1980,7.7
09,10,1980,6.5
09,11,1980,0.8
09,12,1980,1.3
09,13,1980,1.5
09,14,1980,5.1
09,15,1980,2.4
09,16,1980,0.0
09,17,1980,0.0
09,18,1980,1.2
09,19,1980,3.9
09,20,1980,0.0
09,21,1980,0.0
09,22,1980,2.2
09,23,1980,15.0
09,24,1980,32.8
09,25,1980,4.2
09,26,1980,48.4
09,27,1980,13.4
09,28,1980,8.2
09,29,1980,0.7
09,30,1980,1.0
10,01,1980,0.6
10,02,1980,0.0
10,03,1980,0.0
10,04,1980,2.2
10,05,1980,0.0
10,06,1980,0.7
10,07,1980,0.3
10,08,1980,0.0
10,09,1980,0.0
10,10,1980,0.0
10,11,1980,0.7
10,12,1980,1.2
10,13,1980,0.0
10,14,1980,0.0
10,15,1980,0.0
10,16,1980,0.0
10,17,1980,0.0
10,18,1980,0.0
10,19,1980,2.8
10,20,1980,1.3
10,21,1980,0.0
10,22,1980,0.0
10,23,1980,1.4
10,24,1980,14.3
10,25,1980,13.7
10,26,1980,0.0
10,27,1980,0.0
10,28,1980,0.0
10,29,1980,0.0
10,30,1980,3.6
10,31,1980,4.6
11,01,1980,0.0
11,02,1980,0.0
11,03,1980,0.0
11,04,1980,8.4
11,05,1980,5.5
11,06,1980,0.0
11,07,1980,0.0
11,08,1980,0.0
11,09,1980,0.0
11,10,1980,0.0
11,11,1980,0.0
11,12,1980,0.0
11,13,1980,0.0
11,14,1980,0.0
11,15,1980,0.0
11,16,1980,0.0
11,17,1980,0.0
11,18,1980,0.0
11,19,1980,0.0
11,20,1980,1.1
11,21,1980,0.0
11,22,1980,0.0
11,23,1980,1.0
11,24,1980,0.0
11,25,1980,0.0
11,26,1980,3.0
11,27,1980,0.0
11,28,1980,0.0
11,29,1980,0.0
11,30,1980,0.0
12,01,1980,0.0
12,02,1980,4.9
12,03,1980,8.0
12,04,1980,0.0
12,05,1980,0.0
12,06,1980,0.0
12,07,1980,0.0
12,08,1980,0.0
12,09,1980,0.0
12,10,1980,15.2
12,11,1980,2.5
12,12,1980,0.0
12,13,1980,0.1
12,14,1980,0.0
12,15,1980,0.0
12,16,1980,0.0
12,17,1980,0.0
12,18,1980,0.0
12,19,1980,0.0
12,20,1980,4.1
12,21,1980,0.0
12,22,1980,0.0
12,23,1980,0.0
12,24,1980,1.9
12,25,1980,1.9
12,26,1980,0.0
12,27,1980,0.0
12,28,1980,0.0
12,29,1980,0.0
12,30,1980,0.0
12,31,1980,0.0
01,01,1981,1.9
01,02,1981,0.1
01,03,1981,0.0
01,04,1981,0.0
01,05,1981,0.0
01,06,1981,0.0
01,07,1981,0.0
01,08,1981,0.0
01,09,1981,0.3
01,10,1981,0.1
01,11,1981,9.0
01,12,1981,1.0
01,13,1981,0.0
01,14,1981,0.0
01,15,1981,0.0
01,16,1981,0.0
01,17,1981,0.0
01,18,1981,0.0
01,19,1981,0.0
01,20,1981,0.0
01,21,1981,0.0
01,22,1981,0.0
01,23,1981,0.6
01,24,1981,0.0
01,25,1981,0.0
01,26,1981,0.0
01,27,1981,0.0
01,28,1981,0.0
01,29,1981,0.0
01,30,1981,0.0
01,31,1981,0.0
02,01,1981,0.0
02,02,1981,0.0
02,03,1981,0.0
02,04,1981,0.0
02,05,1981,0.0
02,06,1981,0.0
02,07,1981,0.0
02,08,1981,0.0
02,09,1981,0.0
02,10,1981,0.0
02,11,1981,4.4
02,12,1981,1.1
02,13,1981,26.2
02,14,1981,15.3
02,15,1981,0.0
02,16,1981,0.0
02,17,1981,0.0
02,18,1981,0.0
02,19,1981,0.1
02,20,1981,0.0
02,21,1981,0.0
02,22,1981,0.0
02,23,1981,1.6
02,24,1981,0.0
02,25,1981,0.0
02,26,1981,0.0
02,27,1981,0.0
02,28,1981,0.0
03,01,1981,0.0
03,02,1981,0.0
03,03,1981,0.0
03,04,1981,0.0
03,05,1981,0.0
03,06,1981,1.5
03,07,1981,0.0
03,08,1981,0.0
03,09,1981,0.0
03,10,1981,0.0
03,11,1981,1.2
03,12,1981,12.5
03,13,1981,10.7
03,14,1981,1.2
03,15,1981,0.0
03,16,1981,1.3
03,17,1981,0.0
03,18,1981,0.8
03,19,1981,0.0
03,20,1981,0.0
03,21,1981,0.0
03,22,1981,0.0
03,23,1981,0.0
03,24,1981,0.0
03,25,1981,0.0
03,26,1981,0.0
03,27,1981,0.0
03,28,1981,0.0
03,29,1981,0.0
03,30,1981,0.0
03,31,1981,0.0
04,01,1981,0.0
04,02,1981,0.0
04,03,1981,0.0
04,04,1981,0.1
04,05,1981,3.3
04,06,1981,2.5
04,07,1981,0.0
04,08,1981,0.0
04,09,1981,0.1
04,10,1981,0.0
04,11,1981,0.0
04,12,1981,0.0
04,13,1981,0.0
04,14,1981,0.0
04,15,1981,2.0
04,16,1981,0.2
04,17,1981,0.3
04,18,1981,25.7
04,19,1981,2.5
04,20,1981,0.0
04,21,1981,0.0
04,22,1981,0.0
04,23,1981,0.0
04,24,1981,2.6
04,25,1981,3.6
04,26,1981,0.0
04,27,1981,0.0
04,28,1981,0.0
04,29,1981,0.0
04,30,1981,0.0
05,01,1981,0.0
05,02,1981,0.3
05,03,1981,0.0
05,04,1981,0.0
05,05,1981,2.2
05,06,1981,0.0
05,07,1981,0.0
05,08,1981,0.0
05,09,1981,0.0
05,10,1981,0.0
05,11,1981,0.0
05,12,1981,0.0
05,13,1981,0.0
05,14,1981,0.0
05,15,1981,0.0
05,16,1981,0.0
05,17,1981,0.0
05,18,1981,0.0
05,19,1981,0.0
05,20,1981,0.0
05,21,1981,0.0
05,22,1981,7.0
05,23,1981,3.5
05,24,1981,7.2
05,25,1981,5.0
05,26,1981,0.0
05,27,1981,1.5
05,28,1981,3.1
05,29,1981,7.4
05,30,1981,1.2
05,31,1981,1.4
06,01,1981,5.2
06,02,1981,31.5
06,03,1981,17.0
06,04,1981,25.0
06,05,1981,24.2
06,06,1981,2.7
06,07,1981,11.2
06,08,1981,40.0
06,09,1981,15.6
06,10,1981,0.1
06,11,1981,1.0
06,12,1981,1.9
06,13,1981,20.2
06,14,1981,6.9
06,15,1981,27.9
06,16,1981,9.8
06,17,1981,32.0
06,18,1981,8.2
06,19,1981,0.0
06,20,1981,4.6
06,21,1981,0.0
06,22,1981,0.0
06,23,1981,0.0
06,24,1981,49.9
06,25,1981,1.8
06,26,1981,15.1
06,27,1981,8.0
06,28,1981,2.2
06,29,1981,19.7
06,30,1981,20.1
07,01,1981,0.1
07,02,1981,4.8
07,03,1981,4.7
07,04,1981,0.7
07,05,1981,7.6
07,06,1981,0.0
07,07,1981,9.4
07,08,1981,0.0
07,09,1981,1.4
07,10,1981,0.6
07,11,1981,1.5
07,12,1981,6.0
07,13,1981,81.7
07,14,1981,9.3
07,15,1981,0.5
07,16,1981,6.1
07,17,1981,5.4
07,18,1981,1.0
07,19,1981,6.1
07,20,1981,3.0
07,21,1981,5.1
07,22,1981,2.4
07,23,1981,2.7
07,24,1981,10.5
07,25,1981,19.3
07,26,1981,19.2
07,27,1981,0.0
07,28,1981,0.0
07,29,1981,1.1
07,30,1981,42.0
07,31,1981,23.5
08,01,1981,6.7
08,02,1981,0.0
08,03,1981,1.5
08,04,1981,6.1
08,05,1981,0.1
08,06,1981,0.1
08,07,1981,1.7
08,08,1981,13.1
08,09,1981,60.8
08,10,1981,0.6
08,11,1981,0.0
08,12,1981,0.0
08,13,1981,2.2
08,14,1981,12.2
08,15,1981,2.6
08,16,1981,0.0
08,17,1981,6.5
08,18,1981,1.7
08,19,1981,10.0
08,20,1981,10.1
08,21,1981,20.1
08,22,1981,7.1
08,23,1981,7.8
08,24,1981,20.0
08,25,1981,21.3
08,26,1981,30.5
08,27,1981,8.8
08,28,1981,0.3
08,29,1981,5.2
08,30,1981,1.2
08,31,1981,0.0
09,01,1981,0.0
09,02,1981,0.0
09,03,1981,0.1
09,04,1981,12.1
09,05,1981,0.5
09,06,1981,0.9
09,07,1981,0.1
09,08,1981,2.1
09,09,1981,0.4
09,10,1981,0.1
09,11,1981,0.3
09,12,1981,9.2
09,13,1981,3.0
09,14,1981,0.1
09,15,1981,0.1
09,16,1981,44.9
09,17,1981,24.6
09,18,1981,1.4
09,19,1981,0.3
09,20,1981,0.0
09,21,1981,0.0
09,22,1981,3.7
09,23,1981,4.9
09,24,1981,2.7
09,25,1981,0.4
09,26,1981,0.0
09,27,1981,1.0
09,28,1981,14.0
09,29,1981,2.0
09,30,1981,2.6
10,01,1981,21.4
10,02,1981,31.0
10,03,1981,2.7
10,04,1981,0.1
10,05,1981,0.0
10,06,1981,0.0
10,07,1981,0.0
10,08,1981,0.0
10,09,1981,0.0
10,10,1981,0.0
10,11,1981,0.4
10,12,1981,1.4
10,13,1981,0.7
10,14,1981,1.3
10,15,1981,0.0
10,16,1981,2.5
10,17,1981,0.0
10,18,1981,6.9
10,19,1981,16.1
10,20,1981,0.2
10,21,1981,0.1
10,22,1981,0.0
10,23,1981,5.1
10,24,1981,0.0
10,25,1981,5.0
10,26,1981,17.5
10,27,1981,15.3
10,28,1981,2.5
10,29,1981,0.1
10,30,1981,0.0
10,31,1981,0.7
11,01,1981,22.1
11,02,1981,12.8
11,03,1981,0.2
11,04,1981,0.0
11,05,1981,2.9
11,06,1981,20.5
11,07,1981,0.0
11,08,1981,0.0
11,09,1981,1.9
11,10,1981,0.5
11,11,1981,0.0
11,12,1981,0.0
11,13,1981,0.0
11,14,1981,0.0
11,15,1981,0.0
11,16,1981,0.0
11,17,1981,0.0
11,18,1981,0.0
11,19,1981,0.0
11,20,1981,0.0
11,21,1981,0.0
11,22,1981,0.0
11,23,1981,0.0
11,24,1981,0.0
11,25,1981,0.0
11,26,1981,0.0
11,27,1981,0.0
11,28,1981,0.0
11,29,1981,0.0
11,30,1981,0.0
12,01,1981,0.0
12,02,1981,0.0
12,03,1981,0.0
12,04,1981,16.4
12,05,1981,0.3
12,06,1981,0.0
12,07,1981,0.0
12,08,1981,1.0
12,09,1981,8.0
12,10,1981,1.8
12,11,1981,0.0
12,12,1981,0.0
12,13,1981,0.0
12,14,1981,0.3
12,15,1981,0.5
12,16,1981,0.0
12,17,1981,0.0
12,18,1981,3.5
12,19,1981,4.5
12,20,1981,0.0
12,21,1981,0.0
12,22,1981,0.0
12,23,1981,0.0
12,24,1981,0.0
12,25,1981,0.0
12,26,1981,0.0
12,27,1981,0.0
12,28,1981,0.0
12,29,1981,0.0
12,30,1981,0.0
12,31,1981,0.0
01,01,1982,0.0
01,02,1982,0.0
01,03,1982,0.0
01,04,1982,0.2
01,05,1982,0.0
01,06,1982,0.0
01,07,1982,0.0
01,08,1982,11.5
01,09,1982,0.0
01,10,1982,1.6
01,11,1982,3.0
01,12,1982,0.0
01,13,1982,0.0
01,14,1982,0.0
01,15,1982,0.0
01,16,1982,0.0
01,17,1982,0.0
01,18,1982,0.0
01,19,1982,0.0
01,20,1982,0.0
01,21,1982,0.0
01,22,1982,0.0
01,23,1982,0.0
01,24,1982,0.0
01,25,1982,0.0
01,26,1982,0.0
01,27,1982,0.0
01,28,1982,0.0
01,29,1982,0.0
01,30,1982,0.2
01,31,1982,1.7
02,01,1982,0.0
02,02,1982,0.0
02,03,1982,0.0
02,04,1982,0.0
02,05,1982,0.0
02,06,1982,2.2
02,07,1982,0.0
02,08,1982,0.0
02,09,1982,0.0
02,10,1982,0.0
02,11,1982,0.0
02,12,1982,0.0
02,13,1982,0.0
02,14,1982,0.0
02,15,1982,0.0
02,16,1982,0.1
02,17,1982,0.0
02,18,1982,0.0
02,19,1982,7.5
02,20,1982,0.0
02,21,1982,2.4
02,22,1982,0.6
02,23,1982,0.0
02,24,1982,0.0
02,25,1982,0.2
02,26,1982,8.7
02,27,1982,0.1
02,28,1982,0.0
03,01,1982,6.4
03,02,1982,6.1
03,03,1982,0.0
03,04,1982,0.0
03,05,1982,0.0
03,06,1982,0.0
03,07,1982,0.0
03,08,1982,0.0
03,09,1982,0.0
03,10,1982,0.0
03,11,1982,0.0
03,12,1982,0.0
03,13,1982,0.0
03,14,1982,0.0
03,15,1982,0.0
03,16,1982,0.0
03,17,1982,0.0
03,18,1982,0.0
03,19,1982,0.0
03,20,1982,0.0
03,21,1982,0.0
03,22,1982,0.0
03,23,1982,0.0
03,24,1982,0.0
03,25,1982,0.0
03,26,1982,0.0
03,27,1982,0.0
03,28,1982,1.4
03,29,1982,0.0
03,30,1982,0.0
03,31,1982,0.0
04,01,1982,0.0
04,02,1982,0.0
04,03,1982,0.0
04,04,1982,0.0
04,05,1982,0.0
04,06,1982,0.0
04,07,1982,0.0
04,08,1982,0.0
04,09,1982,0.0
04,10,1982,4.4
04,11,1982,1.3
04,12,1982,0.0
04,13,1982,0.0
04,14,1982,0.0
04,15,1982,0.0
04,16,1982,0.0
04,17,1982,0.0
04,18,1982,0.0
04,19,1982,0.0
04,20,1982,0.0
04,21,1982,3.8
04,22,1982,4.4
04,23,1982,0.4
04,24,1982,0.5
04,25,1982,6.1
04,26,1982,4.1
04,27,1982,2.4
04,28,1982,9.0
04,29,1982,6.9
04,30,1982,0.0
05,01,1982,2.3
05,02,1982,0.0
05,03,1982,0.0
05,04,1982,0.0
05,05,1982,0.0
05,06,1982,0.0
05,07,1982,0.0
05,08,1982,0.0
05,09,1982,0.0
05,10,1982,0.0
05,11,1982,0.0
05,12,1982,1.5
05,13,1982,0.0
05,14,1982,17.0
05,15,1982,0.0
05,16,1982,0.0
05,17,1982,5.5
05,18,1982,1.4
05,19,1982,2.0
05,20,1982,16.8
05,21,1982,3.0
05,22,1982,5.6
05,23,1982,0.6
05,24,1982,0.5
05,25,1982,0.0
05,26,1982,0.0
05,27,1982,0.1
05,28,1982,0.0
05,29,1982,0.0
05,30,1982,0.0
05,31,1982,0.0
06,01,1982,0.0
06,02,1982,0.0
06,03,1982,0.0
06,04,1982,0.0
06,05,1982,1.5
06,06,1982,0.0
06,07,1982,0.0
06,08,1982,0.0
06,09,1982,0.0
06,10,1982,6.5
06,11,1982,0.0
06,12,1982,0.1
06,13,1982,5.0
06,14,1982,6.5
06,15,1982,0.0
06,16,1982,0.0
06,17,1982,0.0
06,18,1982,0.2
06,19,1982,0.2
06,20,1982,1.2
06,21,1982,0.0
06,22,1982,0.2
06,23,1982,0.1
06,24,1982,2.5
06,25,1982,1.5
06,26,1982,0.1
06,27,1982,16.5
06,28,1982,0.0
06,29,1982,6.5
06,30,1982,0.1
07,01,1982,0.0
07,02,1982,0.0
07,03,1982,4.0
07,04,1982,0.0
07,05,1982,0.0
07,06,1982,0.0
07,07,1982,0.0
07,08,1982,0.1
07,09,1982,2.4
07,10,1982,0.0
07,11,1982,0.5
07,12,1982,2.0
07,13,1982,1.9
07,14,1982,3.1
07,15,1982,1.1
07,16,1982,9.6
07,17,1982,11.6
07,18,1982,8.5
07,19,1982,4.6
07,20,1982,0.1
07,21,1982,0.0
07,22,1982,7.5
07,23,1982,14.5
07,24,1982,1.7
07,25,1982,3.5
07,26,1982,6.5
07,27,1982,0.0
07,28,1982,0.0
07,29,1982,4.5
07,30,1982,12.5
07,31,1982,2.0
08,01,1982,0.3
08,02,1982,0.9
08,03,1982,0.5
08,04,1982,24.4
08,05,1982,2.4
08,06,1982,2.2
08,07,1982,0.0
08,08,1982,0.0
08,09,1982,0.0
08,10,1982,0.4
08,11,1982,0.0
08,12,1982,0.0
08,13,1982,11.4
08,14,1982,0.0
08,15,1982,0.0
08,16,1982,0.2
08,17,1982,0.9
08,18,1982,6.0
08,19,1982,0.5
08,20,1982,1.8
08,21,1982,6.2
08,22,1982,0.3
08,23,1982,0.0
08,24,1982,0.5
08,25,1982,0.0
08,26,1982,3.5
08,27,1982,13.6
08,28,1982,0.2
08,29,1982,2.9
08,30,1982,2.4
08,31,1982,11.2
09,01,1982,5.5
09,02,1982,5.2
09,03,1982,0.1
09,04,1982,1.0
09,05,1982,0.2
09,06,1982,1.2
09,07,1982,3.5
09,08,1982,4.5
09,09,1982,4.5
09,10,1982,0.1
09,11,1982,0.3
09,12,1982,1.9
09,13,1982,1.5
09,14,1982,0.9
09,15,1982,4.7
09,16,1982,1.5
09,17,1982,3.2
09,18,1982,1.9
09,19,1982,2.9
09,20,1982,17.5
09,21,1982,23.2
09,22,1982,46.9
09,23,1982,24.6
09,24,1982,3.4
09,25,1982,6.1
09,26,1982,0.1
09,27,1982,0.0
09,28,1982,0.0
09,29,1982,5.0
09,30,1982,2.6
10,01,1982,0.9
10,02,1982,1.1
10,03,1982,0.0
10,04,1982,0.1
10,05,1982,4.5
10,06,1982,17.2
10,07,1982,4.0
10,08,1982,6.6
10,09,1982,0.0
10,10,1982,0.0
10,11,1982,0.0
10,12,1982,0.0
10,13,1982,8.2
10,14,1982,13.3
10,15,1982,16.1
10,16,1982,29.0
10,17,1982,1.3
10,18,1982,0.0
10,19,1982,0.0
10,20,1982,0.0
10,21,1982,2.1
10,22,1982,1.0
10,23,1982,4.0
10,24,1982,2.6
10,25,1982,3.2
10,26,1982,0.4
10,27,1982,0.0
10,28,1982,0.0
10,29,1982,0.0
10,30,1982,0.0
10,31,1982,0.0
11,01,1982,0.7
11,02,1982,2.9
11,03,1982,0.9
11,04,1982,1.1
11,05,1982,0.1
11,06,1982,0.0
11,07,1982,0.0
11,08,1982,0.0
11,09,1982,0.0
11,10,1982,0.0
11,11,1982,0.0
11,12,1982,13.4
11,13,1982,5.8
11,14,1982,0.5
11,15,1982,0.0
11,16,1982,0.0
11,17,1982,0.0
11,18,1982,0.0
11,19,1982,0.0
11,20,1982,0.0
11,21,1982,0.0
11,22,1982,0.0
11,23,1982,0.0
11,24,1982,6.6
11,25,1982,1.5
11,26,1982,0.0
11,27,1982,0.0
11,28,1982,0.0
11,29,1982,0.0
11,30,1982,0.0
12,01,1982,0.0
12,02,1982,0.0
12,03,1982,0.0
12,04,1982,0.0
12,05,1982,0.0
12,06,1982,13.0
12,07,1982,13.0
12,08,1982,4.2
12,09,1982,0.0
12,10,1982,0.0
12,11,1982,1.1
12,12,1982,0.0
12,13,1982,0.0
12,14,1982,0.0
12,15,1982,3.9
12,16,1982,2.3
12,17,1982,0.0
12,18,1982,0.0
12,19,1982,0.0
12,20,1982,0.0
12,21,1982,0.0
12,22,1982,0.0
12,23,1982,0.0
12,24,1982,0.0
12,25,1982,0.0
12,26,1982,0.0
12,27,1982,0.0
12,28,1982,0.0
12,29,1982,0.0
12,30,1982,0.0
12,31,1982,0.0
01,01,1983,0.0
01,02,1983,0.0
01,03,1983,0.0
01,04,1983,0.0
01,05,1983,2.0
01,06,1983,1.5
01,07,1983,0.1
01,08,1983,0.0
01,09,1983,0.0
01,10,1983,0.0
01,11,1983,6.9
01,12,1983,4.8
01,13,1983,0.0
01,14,1983,0.0
01,15,1983,0.0
01,16,1983,0.0
01,17,1983,0.0
01,18,1983,0.5
01,19,1983,0.1
01,20,1983,0.0
01,21,1983,0.0
01,22,1983,0.0
01,23,1983,0.0
01,24,1983,0.0
01,25,1983,0.0
01,26,1983,0.0
01,27,1983,0.0
01,28,1983,0.0
01,29,1983,0.0
01,30,1983,0.0
01,31,1983,0.0
02,01,1983,0.0
02,02,1983,0.0
02,03,1983,0.0
02,04,1983,0.0
02,05,1983,0.0
02,06,1983,0.0
02,07,1983,0.0
02,08,1983,0.0
02,09,1983,0.0
02,10,1983,0.0
02,11,1983,0.5
02,12,1983,9.1
02,13,1983,0.0
02,14,1983,0.0
02,15,1983,0.0
02,16,1983,0.0
02,17,1983,0.0
02,18,1983,0.0
02,19,1983,0.9
02,20,1983,0.0
02,21,1983,0.0
02,22,1983,0.0
02,23,1983,0.0
02,24,1983,1.1
02,25,1983,19.0
02,26,1983,0.0
02,27,1983,0.0
02,28,1983,0.0
03,01,1983,0.0
03,02,1983,0.0
03,03,1983,0.0
03,04,1983,0.0
03,05,1983,0.0
03,06,1983,0.0
03,07,1983,0.0
03,08,1983,0.0
03,09,1983,0.0
03,10,1983,0.0
03,11,1983,0.2
03,12,1983,0.4
03,13,1983,14.0
03,14,1983,0.0
03,15,1983,0.0
03,16,1983,0.0
03,17,1983,0.0
03,18,1983,0.0
03,19,1983,0.0
03,20,1983,0.0
03,21,1983,0.0
03,22,1983,0.0
03,23,1983,0.0
03,24,1983,0.0
03,25,1983,0.0
03,26,1983,0.0
03,27,1983,0.0
03,28,1983,0.0
03,29,1983,0.0
03,30,1983,0.0
03,31,1983,0.0
04,01,1983,0.0
04,02,1983,0.0
04,03,1983,0.0
04,04,1983,0.0
04,05,1983,0.0
04,06,1983,0.0
04,07,1983,0.0
04,08,1983,0.0
04,09,1983,0.0
04,10,1983,0.0
04,11,1983,0.0
04,12,1983,0.0
04,13,1983,0.0
04,14,1983,0.0
04,15,1983,0.0
04,16,1983,0.0
04,17,1983,0.0
04,18,1983,0.0
04,19,1983,0.0
04,20,1983,0.0
04,21,1983,0.0
04,22,1983,0.0
04,23,1983,0.0
04,24,1983,0.0
04,25,1983,0.0
04,26,1983,0.0
04,27,1983,0.0
04,28,1983,0.0
04,29,1983,0.0
04,30,1983,0.0
05,01,1983,0.0
05,02,1983,0.0
05,03,1983,0.0
05,04,1983,0.0
05,05,1983,0.0
05,06,1983,0.0
05,07,1983,0.0
05,08,1983,0.0
05,09,1983,0.0
05,10,1983,0.0
05,11,1983,0.0
05,12,1983,0.0
05,13,1983,0.0
05,14,1983,0.0
05,15,1983,0.0
05,16,1983,0.0
05,17,1983,0.0
05,18,1983,0.0
05,19,1983,0.0
05,20,1983,0.0
05,21,1983,0.0
05,22,1983,0.0
05,23,1983,0.0
05,24,1983,0.0
05,25,1983,0.2
05,26,1983,0.0
05,27,1983,0.0
05,28,1983,0.0
05,29,1983,0.0
05,30,1983,0.0
05,31,1983,0.0
06,01,1983,1.9
06,02,1983,0.0
06,03,1983,0.0
06,04,1983,0.0
06,05,1983,1.0
06,06,1983,0.0
06,07,1983,6.9
06,08,1983,0.1
06,09,1983,0.0
06,10,1983,0.0
06,11,1983,0.0
06,12,1983,0.0
06,13,1983,0.0
06,14,1983,0.0
06,15,1983,0.0
06,16,1983,0.0
06,17,1983,1.5
06,18,1983,0.0
06,19,1983,0.0
06,20,1983,5.0
06,21,1983,14.2
06,22,1983,0.0
06,23,1983,1.5
06,24,1983,0.0
06,25,1983,4.2
06,26,1983,2.4
06,27,1983,11.5
06,28,1983,0.0
06,29,1983,3.0
06,30,1983,1.0
07,01,1983,6.5
07,02,1983,0.0
07,03,1983,0.0
07,04,1983,1.5
07,05,1983,17.0
07,06,1983,1.0
07,07,1983,7.0
07,08,1983,6.5
07,09,1983,0.5
07,10,1983,0.0
07,11,1983,0.0
07,12,1983,14.6
07,13,1983,20.4
07,14,1983,24.2
07,15,1983,1.1
07,16,1983,24.4
07,17,1983,18.9
07,18,1983,14.5
07,19,1983,67.3
07,20,1983,42.3
07,21,1983,7.1
07,22,1983,33.2
07,23,1983,66.5
07,24,1983,4.8
07,25,1983,6.2
07,26,1983,5.7
07,27,1983,0.0
07,28,1983,5.4
07,29,1983,8.7
07,30,1983,0.0
07,31,1983,0.0
08,01,1983,0.0
08,02,1983,4.4
08,03,1983,12.0
08,04,1983,0.5
08,05,1983,6.2
08,06,1983,0.0
08,07,1983,0.0
08,08,1983,0.0
08,09,1983,0.0
08,10,1983,7.6
08,11,1983,2.0
08,12,1983,0.2
08,13,1983,5.3
08,14,1983,0.0
08,15,1983,0.6
08,16,1983,0.0
08,17,1983,0.0
08,18,1983,0.0
08,19,1983,0.0
08,20,1983,17.4
08,21,1983,3.8
08,22,1983,13.5
08,23,1983,1.6
08,24,1983,17.5
08,25,1983,19.0
08,26,1983,0.0
08,27,1983,0.0
08,28,1983,0.0
08,29,1983,2.1
08,30,1983,6.5
08,31,1983,1.9
09,01,1983,0.1
09,02,1983,1.4
09,03,1983,25.6
09,04,1983,4.5
09,05,1983,0.0
09,06,1983,3.4
09,07,1983,10.5
09,08,1983,1.6
09,09,1983,3.2
09,10,1983,18.7
09,11,1983,5.1
09,12,1983,3.9
09,13,1983,3.6
09,14,1983,3.1
09,15,1983,2.0
09,16,1983,6.9
09,17,1983,7.6
09,18,1983,2.1
09,19,1983,5.2
09,20,1983,1.1
09,21,1983,33.5
09,22,1983,6.0
09,23,1983,1.0
09,24,1983,14.0
09,25,1983,18.1
09,26,1983,15.8
09,27,1983,15.1
09,28,1983,1.9
09,29,1983,0.0
09,30,1983,1.2
10,01,1983,0.0
10,02,1983,0.0
10,03,1983,0.0
10,04,1983,0.0
10,05,1983,2.2
10,06,1983,4.0
10,07,1983,0.1
10,08,1983,3.0
10,09,1983,2.8
10,10,1983,1.0
10,11,1983,0.0
10,12,1983,10.4
10,13,1983,3.3
10,14,1983,0.0
10,15,1983,0.5
10,16,1983,1.4
10,17,1983,0.9
10,18,1983,5.6
10,19,1983,0.0
10,20,1983,0.4
10,21,1983,1.7
10,22,1983,0.0
10,23,1983,0.0
10,24,1983,0.0
10,25,1983,3.1
10,26,1983,0.0
10,27,1983,1.7
10,28,1983,2.7
10,29,1983,0.0
10,30,1983,19.9
10,31,1983,19.0
11,01,1983,13.5
11,02,1983,0.4
11,03,1983,0.0
11,04,1983,0.0
11,05,1983,0.0
11,06,1983,0.0
11,07,1983,2.7
11,08,1983,3.4
11,09,1983,1.2
11,10,1983,2.4
11,11,1983,0.0
11,12,1983,0.0
11,13,1983,0.0
11,14,1983,0.0
11,15,1983,1.4
11,16,1983,4.1
11,17,1983,0.0
11,18,1983,0.0
11,19,1983,0.0
11,20,1983,0.0
11,21,1983,0.0
11,22,1983,0.0
11,23,1983,0.0
11,24,1983,2.4
11,25,1983,1.1
11,26,1983,0.0
11,27,1983,0.0
11,28,1983,5.0
11,29,1983,0.0
11,30,1983,0.0
12,01,1983,0.0
12,02,1983,0.0
12,03,1983,0.0
12,04,1983,0.0
12,05,1983,0.0
12,06,1983,4.4
12,07,1983,6.6
12,08,1983,0.2
12,09,1983,0.0
12,10,1983,0.0
12,11,1983,0.0
12,12,1983,0.0
12,13,1983,0.0
12,14,1983,0.0
12,15,1983,0.0
12,16,1983,0.8
12,17,1983,2.8
12,18,1983,27.6
12,19,1983,4.1
12,20,1983,0.1
12,21,1983,0.0
12,22,1983,0.0
12,23,1983,0.1
12,24,1983,6.6
12,25,1983,0.0
12,26,1983,0.0
12,27,1983,0.0
12,28,1983,0.0
12,29,1983,0.0
12,30,1983,0.0
12,31,1983,0.0
01,01,1984,0.0
01,02,1984,0.0
01,03,1984,0.0
01,04,1984,0.0
01,05,1984,0.0
01,06,1984,0.0
01,07,1984,0.0
01,08,1984,0.0
01,09,1984,0.0
01,10,1984,1.9
01,11,1984,7.0
01,12,1984,0.0
01,13,1984,0.0
01,14,1984,0.0
01,15,1984,0.0
01,16,1984,0.0
01,17,1984,0.0
01,18,1984,0.0
01,19,1984,0.0
01,20,1984,0.0
01,21,1984,0.9
01,22,1984,0.0
01,23,1984,0.0
01,24,1984,0.0
01,25,1984,0.0
01,26,1984,0.0
01,27,1984,0.0
01,28,1984,0.0
01,29,1984,0.0
01,30,1984,0.0
01,31,1984,0.0
02,01,1984,0.0
02,02,1984,0.0
02,03,1984,0.0
02,04,1984,0.0
02,05,1984,0.0
02,06,1984,0.0
02,07,1984,0.0
02,08,1984,0.0
02,09,1984,3.6
02,10,1984,9.6
02,11,1984,0.0
02,12,1984,0.0
02,13,1984,0.0
02,14,1984,0.0
02,15,1984,0.0
02,16,1984,0.0
02,17,1984,0.0
02,18,1984,0.0
02,19,1984,0.0
02,20,1984,0.0
02,21,1984,0.0
02,22,1984,0.0
02,23,1984,0.0
02,24,1984,0.0
02,25,1984,0.0
02,26,1984,0.0
02,27,1984,0.0
02,28,1984,0.0
02,29,1984,0.0
03,01,1984,0.0
03,02,1984,0.0
03,03,1984,0.0
03,04,1984,0.0
03,05,1984,0.0
03,06,1984,0.0
03,07,1984,1.5
03,08,1984,0.0
03,09,1984,0.0
03,10,1984,0.0
03,11,1984,0.0
03,12,1984,19.3
03,13,1984,0.0
03,14,1984,0.0
03,15,1984,0.0
03,16,1984,0.0
03,17,1984,0.0
03,18,1984,0.0
03,19,1984,6.1
03,20,1984,0.1
03,21,1984,0.0
03,22,1984,0.0
03,23,1984,0.0
03,24,1984,0.0
03,25,1984,0.0
03,26,1984,0.0
03,27,1984,0.0
03,28,1984,0.0
03,29,1984,0.0
03,30,1984,0.0
03,31,1984,0.0
04,01,1984,0.0
04,02,1984,0.0
04,03,1984,0.0
04,04,1984,0.0
04,05,1984,0.0
04,06,1984,0.0
04,07,1984,0.0
04,08,1984,0.0
04,09,1984,0.0
04,10,1984,0.0
04,11,1984,0.0
04,12,1984,0.0
04,13,1984,0.0
04,14,1984,0.0
04,15,1984,0.0
04,16,1984,0.0
04,17,1984,0.0
04,18,1984,0.0
04,19,1984,0.0
04,20,1984,0.1
04,21,1984,0.0
04,22,1984,0.0
04,23,1984,0.0
04,24,1984,0.0
04,25,1984,0.0
04,26,1984,0.0
04,27,1984,0.0
04,28,1984,0.0
04,29,1984,0.0
04,30,1984,0.0
05,01,1984,0.0
05,02,1984,0.8
05,03,1984,0.0
05,04,1984,0.0
05,05,1984,1.2
05,06,1984,1.0
05,07,1984,0.5
05,08,1984,9.2
05,09,1984,0.0
05,10,1984,0.0
05,11,1984,4.3
05,12,1984,7.1
05,13,1984,2.9
05,14,1984,6.5
05,15,1984,6.7
05,16,1984,0.4
05,17,1984,0.0
05,18,1984,0.0
05,19,1984,0.0
05,20,1984,0.0
05,21,1984,12.2
05,22,1984,0.0
05,23,1984,0.0
05,24,1984,0.0
05,25,1984,0.0
05,26,1984,3.7
05,27,1984,0.5
05,28,1984,15.8
05,29,1984,30.0
05,30,1984,25.2
05,31,1984,12.6
06,01,1984,8.2
06,02,1984,0.5
06,03,1984,0.0
06,04,1984,12.9
06,05,1984,8.5
06,06,1984,0.0
06,07,1984,22.5
06,08,1984,15.7
06,09,1984,16.1
06,10,1984,5.5
06,11,1984,1.7
06,12,1984,17.0
06,13,1984,29.6
06,14,1984,14.2
06,15,1984,1.6
06,16,1984,0.0
06,17,1984,3.3
06,18,1984,3.3
06,19,1984,0.0
06,20,1984,6.1
06,21,1984,0.0
06,22,1984,0.0
06,23,1984,0.0
06,24,1984,1.2
06,25,1984,3.0
06,26,1984,0.0
06,27,1984,1.4
06,28,1984,15.3
06,29,1984,0.0
06,30,1984,0.6
07,01,1984,3.0
07,02,1984,0.0
07,03,1984,3.0
07,04,1984,0.0
07,05,1984,5.0
07,06,1984,0.0
07,07,1984,8.0
07,08,1984,28.0
07,09,1984,4.5
07,10,1984,27.4
07,11,1984,32.2
07,12,1984,23.6
07,13,1984,0.0
07,14,1984,0.9
07,15,1984,0.0
07,16,1984,0.0
07,17,1984,25.0
07,18,1984,0.0
07,19,1984,6.6
07,20,1984,2.5
07,21,1984,0.0
07,22,1984,0.0
07,23,1984,3.4
07,24,1984,3.7
07,25,1984,8.3
07,26,1984,3.0
07,27,1984,2.2
07,28,1984,2.3
07,29,1984,0.8
07,30,1984,2.9
07,31,1984,0.8
08,01,1984,8.0
08,02,1984,19.4
08,03,1984,32.2
08,04,1984,11.6
08,05,1984,1.7
08,06,1984,0.0
08,07,1984,0.0
08,08,1984,0.0
08,09,1984,0.0
08,10,1984,0.0
08,11,1984,0.0
08,12,1984,3.4
08,13,1984,4.9
08,14,1984,8.2
08,15,1984,20.8
08,16,1984,1.0
08,17,1984,0.0
08,18,1984,0.0
08,19,1984,0.0
08,20,1984,1.3
08,21,1984,0.0
08,22,1984,1.2
08,23,1984,20.5
08,24,1984,6.2
08,25,1984,3.7
08,26,1984,11.0
08,27,1984,3.0
08,28,1984,2.0
08,29,1984,1.3
08,30,1984,3.9
08,31,1984,0.6
09,01,1984,11.8
09,02,1984,3.8
09,03,1984,9.0
09,04,1984,9.4
09,05,1984,14.4
09,06,1984,5.5
09,07,1984,31.0
09,08,1984,0.4
09,09,1984,2.2
09,10,1984,4.2
09,11,1984,7.3
09,12,1984,27.0
09,13,1984,6.0
09,14,1984,5.9
09,15,1984,47.6
09,16,1984,18.2
09,17,1984,19.8
09,18,1984,10.2
09,19,1984,14.0
09,20,1984,18.4
09,21,1984,15.1
09,22,1984,1.4
09,23,1984,0.0
09,24,1984,18.6
09,25,1984,35.7
09,26,1984,7.0
09,27,1984,3.4
09,28,1984,2.0
09,29,1984,3.1
09,30,1984,5.8
10,01,1984,18.8
10,02,1984,1.3
10,03,1984,0.0
10,04,1984,0.0
10,05,1984,0.0
10,06,1984,0.5
10,07,1984,0.0
10,08,1984,0.0
10,09,1984,0.0
10,10,1984,0.0
10,11,1984,0.0
10,12,1984,0.0
10,13,1984,0.0
10,14,1984,0.0
10,15,1984,0.0
10,16,1984,0.0
10,17,1984,0.0
10,18,1984,0.0
10,19,1984,0.0
10,20,1984,0.0
10,21,1984,0.0
10,22,1984,0.0
10,23,1984,6.1
10,24,1984,0.0
10,25,1984,8.0
10,26,1984,4.8
10,27,1984,0.0
10,28,1984,0.0
10,29,1984,9.4
10,30,1984,8.9
10,31,1984,0.5
11,01,1984,0.0
11,02,1984,0.1
11,03,1984,0.0
11,04,1984,0.0
11,05,1984,16.3
11,06,1984,18.8
11,07,1984,0.0
11,08,1984,0.0
11,09,1984,0.0
11,10,1984,0.0
11,11,1984,0.0
11,12,1984,1.6
11,13,1984,0.0
11,14,1984,0.0
11,15,1984,0.0
11,16,1984,0.0
11,17,1984,0.0
11,18,1984,0.0
11,19,1984,0.0
11,20,1984,3.7
11,21,1984,17.0
11,22,1984,8.3
11,23,1984,0.0
11,24,1984,0.0
11,25,1984,0.0
11,26,1984,0.0
11,27,1984,0.8
11,28,1984,0.0
11,29,1984,0.0
11,30,1984,0.0
12,01,1984,0.0
12,02,1984,0.0
12,03,1984,0.0
12,04,1984,0.0
12,05,1984,3.5
12,06,1984,32.5
12,07,1984,14.1
12,08,1984,0.1
12,09,1984,0.0
12,10,1984,0.0
12,11,1984,0.0
12,12,1984,0.0
12,13,1984,0.0
12,14,1984,0.0
12,15,1984,0.0
12,16,1984,0.1
12,17,1984,1.6
12,18,1984,0.0
12,19,1984,0.0
12,20,1984,0.0
12,21,1984,0.0
12,22,1984,0.0
12,23,1984,0.0
12,24,1984,2.2
12,25,1984,8.1
12,26,1984,13.6
12,27,1984,14.5
12,28,1984,0.8
12,29,1984,0.0
12,30,1984,0.0
12,31,1984,0.0
01,01,1985,0.0
01,02,1985,0.1
01,03,1985,0.0
01,04,1985,0.0
01,05,1985,0.0
01,06,1985,0.0
01,07,1985,0.0
01,08,1985,0.0
01,09,1985,0.0
01,10,1985,0.0
01,11,1985,0.0
01,12,1985,0.0
01,13,1985,0.0
01,14,1985,0.0
01,15,1985,0.0
01,16,1985,0.0
01,17,1985,0.0
01,18,1985,0.0
01,19,1985,0.0
01,20,1985,0.0
01,21,1985,0.0
01,22,1985,0.0
01,23,1985,0.0
01,24,1985,0.0
01,25,1985,0.0
01,26,1985,0.0
01,27,1985,0.0
01,28,1985,0.0
01,29,1985,0.0
01,30,1985,0.0
01,31,1985,0.0
02,01,1985,0.0
02,02,1985,0.0
02,03,1985,0.0
02,04,1985,0.0
02,05,1985,0.0
02,06,1985,0.0
02,07,1985,2.4
02,08,1985,0.5
02,09,1985,0.0
02,10,1985,0.0
02,11,1985,2.9
02,12,1985,0.0
02,13,1985,0.0
02,14,1985,0.0
02,15,1985,0.0
02,16,1985,0.0
02,17,1985,0.0
02,18,1985,0.0
02,19,1985,0.0
02,20,1985,0.0
02,21,1985,0.0
02,22,1985,0.0
02,23,1985,0.0
02,24,1985,20.5
02,25,1985,0.0
02,26,1985,0.0
02,27,1985,0.0
02,28,1985,0.0
03,01,1985,0.0
03,02,1985,0.0
03,03,1985,0.0
03,04,1985,0.0
03,05,1985,1.0
03,06,1985,0.5
03,07,1985,0.0
03,08,1985,0.0
03,09,1985,12.6
03,10,1985,2.4
03,11,1985,0.0
03,12,1985,0.0
03,13,1985,0.0
03,14,1985,0.0
03,15,1985,0.0
03,16,1985,0.0
03,17,1985,0.0
03,18,1985,0.0
03,19,1985,1.0
03,20,1985,0.0
03,21,1985,0.0
03,22,1985,0.0
03,23,1985,0.0
03,24,1985,0.0
03,25,1985,0.0
03,26,1985,0.0
03,27,1985,0.0
03,28,1985,0.0
03,29,1985,0.0
03,30,1985,0.4
03,31,1985,0.5
04,01,1985,0.0
04,02,1985,0.0
04,03,1985,0.0
04,04,1985,0.4
04,05,1985,0.8
04,06,1985,0.0
04,07,1985,0.0
04,08,1985,0.4
04,09,1985,0.8
04,10,1985,6.0
04,11,1985,1.5
04,12,1985,0.0
04,13,1985,2.7
04,14,1985,8.6
04,15,1985,8.5
04,16,1985,0.0
04,17,1985,0.0
04,18,1985,0.0
04,19,1985,0.0
04,20,1985,0.0
04,21,1985,0.0
04,22,1985,3.4
04,23,1985,14.0
04,24,1985,1.5
04,25,1985,0.0
04,26,1985,0.0
04,27,1985,0.0
04,28,1985,0.0
04,29,1985,0.0
04,30,1985,0.0
05,01,1985,0.0
05,02,1985,0.0
05,03,1985,7.0
05,04,1985,2.0
05,05,1985,1.7
05,06,1985,0.0
05,07,1985,0.1
05,08,1985,0.0
05,09,1985,0.0
05,10,1985,0.0
05,11,1985,0.0
05,12,1985,0.0
05,13,1985,0.0
05,14,1985,0.0
05,15,1985,0.0
05,16,1985,0.0
05,17,1985,6.0
05,18,1985,11.6
05,19,1985,0.0
05,20,1985,6.4
05,21,1985,3.0
05,22,1985,0.0
05,23,1985,4.5
05,24,1985,0.0
05,25,1985,0.0
05,26,1985,0.0
05,27,1985,0.0
05,28,1985,0.0
05,29,1985,0.0
05,30,1985,0.0
05,31,1985,0.0
06,01,1985,0.0
06,02,1985,1.0
06,03,1985,1.4
06,04,1985,2.2
06,05,1985,0.0
06,06,1985,0.3
06,07,1985,0.0
06,08,1985,9.0
06,09,1985,0.5
06,10,1985,28.8
06,11,1985,0.0
06,12,1985,7.0
06,13,1985,3.5
06,14,1985,4.5
06,15,1985,7.6
06,16,1985,4.4
06,17,1985,6.4
06,18,1985,0.0
06,19,1985,0.6
06,20,1985,2.7
06,21,1985,4.3
06,22,1985,0.0
06,23,1985,0.6
06,24,1985,0.9
06,25,1985,1.1
06,26,1985,0.0
06,27,1985,10.0
06,28,1985,14.0
06,29,1985,4.0
06,30,1985,2.8
07,01,1985,3.5
07,02,1985,0.0
07,03,1985,0.0
07,04,1985,0.0
07,05,1985,0.0
07,06,1985,4.4
07,07,1985,2.2
07,08,1985,1.0
07,09,1985,2.7
07,10,1985,0.7
07,11,1985,1.9
07,12,1985,2.0
07,13,1985,24.4
07,14,1985,26.6
07,15,1985,0.1
07,16,1985,0.6
07,17,1985,0.0
07,18,1985,3.0
07,19,1985,5.1
07,20,1985,18.1
07,21,1985,0.6
07,22,1985,4.3
07,23,1985,0.0
07,24,1985,0.0
07,25,1985,0.0
07,26,1985,15.0
07,27,1985,5.8
07,28,1985,6.6
07,29,1985,8.4
07,30,1985,7.5
07,31,1985,6.9
08,01,1985,6.6
08,02,1985,0.5
08,03,1985,7.8
08,04,1985,1.3
08,05,1985,5.0
08,06,1985,1.0
08,07,1985,0.0
08,08,1985,0.0
08,09,1985,0.0
08,10,1985,0.0
08,11,1985,0.0
08,12,1985,0.0
08,13,1985,4.0
08,14,1985,0.0
08,15,1985,5.0
08,16,1985,9.6
08,17,1985,16.4
08,18,1985,5.0
08,19,1985,1.2
08,20,1985,2.5
08,21,1985,13.0
08,22,1985,33.0
08,23,1985,25.0
08,24,1985,19.9
08,25,1985,12.5
08,26,1985,12.8
08,27,1985,6.0
08,28,1985,1.0
08,29,1985,0.0
08,30,1985,0.0
08,31,1985,0.9
09,01,1985,5.6
09,02,1985,0.0
09,03,1985,0.0
09,04,1985,6.4
09,05,1985,15.7
09,06,1985,19.6
09,07,1985,0.0
09,08,1985,0.0
09,09,1985,0.0
09,10,1985,0.0
09,11,1985,0.0
09,12,1985,4.0
09,13,1985,23.0
09,14,1985,9.0
09,15,1985,1.0
09,16,1985,3.7
09,17,1985,0.0
09,18,1985,21.2
09,19,1985,3.0
09,20,1985,0.0
09,21,1985,0.0
09,22,1985,9.0
09,23,1985,0.0
09,24,1985,0.0
09,25,1985,2.0
09,26,1985,4.0
09,27,1985,1.4
09,28,1985,0.0
09,29,1985,7.8
09,30,1985,41.1
10,01,1985,1.2
10,02,1985,19.9
10,03,1985,6.0
10,04,1985,50.0
10,05,1985,60.5
10,06,1985,0.8
10,07,1985,0.0
10,08,1985,0.0
10,09,1985,1.9
10,10,1985,0.0
10,11,1985,0.0
10,12,1985,5.1
10,13,1985,0.4
10,14,1985,0.0
10,15,1985,4.6
10,16,1985,7.2
10,17,1985,3.9
10,18,1985,4.4
10,19,1985,2.3
10,20,1985,1.3
10,21,1985,1.6
10,22,1985,0.0
10,23,1985,0.0
10,24,1985,1.4
10,25,1985,1.1
10,26,1985,7.6
10,27,1985,3.1
10,28,1985,0.0
10,29,1985,0.0
10,30,1985,0.4
10,31,1985,0.0
11,01,1985,0.0
11,02,1985,0.0
11,03,1985,0.0
11,04,1985,0.0
11,05,1985,0.0
11,06,1985,0.0
11,07,1985,0.0
11,08,1985,0.0
11,09,1985,0.0
11,10,1985,0.0
11,11,1985,1.7
11,12,1985,7.4
11,13,1985,0.0
11,14,1985,0.0
11,15,1985,0.0
11,16,1985,0.0
11,17,1985,0.0
11,18,1985,0.0
11,19,1985,0.0
11,20,1985,0.0
11,21,1985,0.0
11,22,1985,0.0
11,23,1985,0.0
11,24,1985,0.0
11,25,1985,0.0
11,26,1985,0.0
11,27,1985,0.0
11,28,1985,4.8
11,29,1985,0.0
11,30,1985,0.0
12,01,1985,0.0
12,02,1985,0.0
12,03,1985,0.0
12,04,1985,0.0
12,05,1985,14.0
12,06,1985,4.7
12,07,1985,0.0
12,08,1985,0.0
12,09,1985,0.0
12,10,1985,0.0
12,11,1985,0.0
12,12,1985,0.0
12,13,1985,0.3
12,14,1985,0.0
12,15,1985,1.0
12,16,1985,0.0
12,17,1985,0.0
12,18,1985,0.1
12,19,1985,0.0
12,20,1985,0.0
12,21,1985,0.0
12,22,1985,0.0
12,23,1985,0.0
12,24,1985,1.5
12,25,1985,10.8
12,26,1985,1.0
12,27,1985,0.0
12,28,1985,0.0
12,29,1985,0.0
12,30,1985,0.0
12,31,1985,0.0
01,01,1986,0.0
01,02,1986,0.0
01,03,1986,0.0
01,04,1986,0.4
01,05,1986,3.5
01,06,1986,0.0
01,07,1986,0.0
01,08,1986,0.0
01,09,1986,0.0
01,10,1986,0.0
01,11,1986,0.0
01,12,1986,0.0
01,13,1986,0.0
01,14,1986,0.0
01,15,1986,0.0
01,16,1986,0.0
01,17,1986,0.0
01,18,1986,0.1
01,19,1986,0.0
01,20,1986,0.0
01,21,1986,0.0
01,22,1986,0.0
01,23,1986,0.0
01,24,1986,0.0
01,25,1986,0.0
01,26,1986,3.3
01,27,1986,0.0
01,28,1986,0.0
01,29,1986,0.0
01,30,1986,0.0
01,31,1986,0.0
02,01,1986,0.0
02,02,1986,0.0
02,03,1986,0.0
02,04,1986,0.0
02,05,1986,0.0
02,06,1986,0.0
02,07,1986,0.0
02,08,1986,0.0
02,09,1986,0.0
02,10,1986,0.0
02,11,1986,0.0
02,12,1986,0.0
02,13,1986,0.0
02,14,1986,0.0
02,15,1986,0.0
02,16,1986,0.0
02,17,1986,4.3
02,18,1986,0.0
02,19,1986,0.0
02,20,1986,0.0
02,21,1986,0.0
02,22,1986,0.1
02,23,1986,0.0
02,24,1986,0.0
02,25,1986,0.0
02,26,1986,0.0
02,27,1986,0.0
02,28,1986,0.0
03,01,1986,0.0
03,02,1986,0.0
03,03,1986,0.0
03,04,1986,0.0
03,05,1986,0.0
03,06,1986,0.0
03,07,1986,0.0
03,08,1986,0.0
03,09,1986,0.0
03,10,1986,0.0
03,11,1986,0.0
03,12,1986,0.0
03,13,1986,0.0
03,14,1986,0.0
03,15,1986,0.0
03,16,1986,0.0
03,17,1986,0.0
03,18,1986,0.0
03,19,1986,0.5
03,20,1986,0.7
03,21,1986,1.0
03,22,1986,0.5
03,23,1986,0.0
03,24,1986,0.0
03,25,1986,0.0
03,26,1986,0.0
03,27,1986,4.2
03,28,1986,0.9
03,29,1986,0.0
03,30,1986,0.0
03,31,1986,0.0
04,01,1986,0.0
04,02,1986,0.0
04,03,1986,0.0
04,04,1986,0.2
04,05,1986,0.0
04,06,1986,0.0
04,07,1986,0.0
04,08,1986,0.0
04,09,1986,0.0
04,10,1986,0.0
04,11,1986,0.0
04,12,1986,0.0
04,13,1986,0.0
04,14,1986,0.0
04,15,1986,0.0
04,16,1986,0.0
04,17,1986,0.0
04,18,1986,0.7
04,19,1986,0.5
04,20,1986,7.3
04,21,1986,0.0
04,22,1986,7.5
04,23,1986,0.0
04,24,1986,0.0
04,25,1986,0.0
04,26,1986,0.0
04,27,1986,0.0
04,28,1986,0.0
04,29,1986,0.0
04,30,1986,4.0
05,01,1986,0.0
05,02,1986,0.0
05,03,1986,0.0
05,04,1986,0.0
05,05,1986,0.0
05,06,1986,2.8
05,07,1986,0.0
05,08,1986,32.2
05,09,1986,0.0
05,10,1986,0.0
05,11,1986,2.5
05,12,1986,0.0
05,13,1986,0.0
05,14,1986,0.0
05,15,1986,0.0
05,16,1986,0.0
05,17,1986,0.0
05,18,1986,3.5
05,19,1986,2.0
05,20,1986,0.0
05,21,1986,1.5
05,22,1986,0.0
05,23,1986,0.1
05,24,1986,0.0
05,25,1986,2.0
05,26,1986,0.0
05,27,1986,5.0
05,28,1986,4.5
05,29,1986,2.5
05,30,1986,6.5
05,31,1986,44.4
06,01,1986,14.5
06,02,1986,35.2
06,03,1986,7.0
06,04,1986,5.4
06,05,1986,24.7
06,06,1986,0.0
06,07,1986,0.0
06,08,1986,0.0
06,09,1986,17.4
06,10,1986,3.5
06,11,1986,0.0
06,12,1986,0.0
06,13,1986,1.5
06,14,1986,1.8
06,15,1986,0.0
06,16,1986,3.0
06,17,1986,11.8
06,18,1986,1.8
06,19,1986,0.0
06,20,1986,0.0
06,21,1986,0.1
06,22,1986,0.0
06,23,1986,5.5
06,24,1986,5.2
06,25,1986,6.3
06,26,1986,15.5
06,27,1986,24.3
06,28,1986,1.5
06,29,1986,0.0
06,30,1986,8.0
07,01,1986,15.8
07,02,1986,18.6
07,03,1986,1.3
07,04,1986,1.5
07,05,1986,16.3
07,06,1986,39.0
07,07,1986,3.5
07,08,1986,1.5
07,09,1986,1.1
07,10,1986,1.2
07,11,1986,8.6
07,12,1986,3.3
07,13,1986,4.8
07,14,1986,8.5
07,15,1986,13.0
07,16,1986,0.0
07,17,1986,0.0
07,18,1986,0.0
07,19,1986,2.2
07,20,1986,1.0
07,21,1986,1.5
07,22,1986,4.0
07,23,1986,25.0
07,24,1986,99.4
07,25,1986,3.5
07,26,1986,0.0
07,27,1986,0.0
07,28,1986,2.0
07,29,1986,0.0
07,30,1986,0.0
07,31,1986,0.0
08,01,1986,0.0
08,02,1986,0.0
08,03,1986,0.0
08,04,1986,0.0
08,05,1986,2.0
08,06,1986,0.0
08,07,1986,0.0
08,08,1986,0.0
08,09,1986,0.0
08,10,1986,0.0
08,11,1986,2.5
08,12,1986,0.0
08,13,1986,3.0
08,14,1986,0.5
08,15,1986,0.0
08,16,1986,5.5
08,17,1986,1.0
08,18,1986,1.4
08,19,1986,4.5
08,20,1986,0.0
08,21,1986,0.0
08,22,1986,4.0
08,23,1986,53.5
08,24,1986,1.5
08,25,1986,1.7
08,26,1986,0.0
08,27,1986,0.5
08,28,1986,2.2
08,29,1986,0.0
08,30,1986,0.0
08,31,1986,0.0
09,01,1986,0.0
09,02,1986,2.5
09,03,1986,8.0
09,04,1986,21.4
09,05,1986,1.7
09,06,1986,2.7
09,07,1986,0.0
09,08,1986,0.0
09,09,1986,0.0
09,10,1986,0.0
09,11,1986,1.5
09,12,1986,9.0
09,13,1986,2.9
09,14,1986,0.8
09,15,1986,2.1
09,16,1986,7.0
09,17,1986,15.5
09,18,1986,0.0
09,19,1986,0.0
09,20,1986,0.2
09,21,1986,0.0
09,22,1986,0.0
09,23,1986,0.0
09,24,1986,1.0
09,25,1986,0.7
09,26,1986,0.3
09,27,1986,33.4
09,28,1986,30.0
09,29,1986,0.5
09,30,1986,30.4
10,01,1986,0.0
10,02,1986,1.0
10,03,1986,0.0
10,04,1986,16.2
10,05,1986,3.0
10,06,1986,5.4
10,07,1986,1.3
10,08,1986,0.0
10,09,1986,0.5
10,10,1986,0.0
10,11,1986,0.0
10,12,1986,0.0
10,13,1986,0.6
10,14,1986,3.4
10,15,1986,7.3
10,16,1986,16.0
10,17,1986,0.9
10,18,1986,1.0
10,19,1986,0.5
10,20,1986,2.0
10,21,1986,0.0
10,22,1986,0.0
10,23,1986,0.0
10,24,1986,19.9
10,25,1986,1.9
10,26,1986,19.3
10,27,1986,0.5
10,28,1986,0.0
10,29,1986,0.5
10,30,1986,0.0
10,31,1986,0.0
11,01,1986,4.1
11,02,1986,14.1
11,03,1986,0.2
11,04,1986,0.0
11,05,1986,0.5
11,06,1986,0.0
11,07,1986,0.0
11,08,1986,0.0
11,09,1986,22.9
11,10,1986,1.5
11,11,1986,10.5
11,12,1986,16.5
11,13,1986,47.2
11,14,1986,3.0
11,15,1986,0.2
11,16,1986,0.1
11,17,1986,0.0
11,18,1986,0.0
11,19,1986,0.0
11,20,1986,0.0
11,21,1986,0.2
11,22,1986,0.0
11,23,1986,0.0
11,24,1986,0.0
11,25,1986,0.0
11,26,1986,0.0
11,27,1986,0.0
11,28,1986,0.0
11,29,1986,0.0
11,30,1986,0.0
12,01,1986,0.0
12,02,1986,0.0
12,03,1986,0.0
12,04,1986,0.0
12,05,1986,4.0
12,06,1986,0.0
12,07,1986,0.0
12,08,1986,0.0
12,09,1986,0.0
12,10,1986,0.0
12,11,1986,0.5
12,12,1986,0.0
12,13,1986,2.6
12,14,1986,0.0
12,15,1986,0.0
12,16,1986,0.0
12,17,1986,0.0
12,18,1986,0.0
12,19,1986,0.0
12,20,1986,0.0
12,21,1986,0.0
12,22,1986,0.0
12,23,1986,0.0
12,24,1986,0.0
12,25,1986,0.0
12,26,1986,0.0
12,27,1986,0.0
12,28,1986,0.0
12,29,1986,4.7
12,30,1986,4.2
12,31,1986,0.0
01,01,1987,0.0
01,02,1987,0.0
01,03,1987,0.0
01,04,1987,0.0
01,05,1987,0.0
01,06,1987,0.0
01,07,1987,0.0
01,08,1987,0.0
01,09,1987,0.0
01,10,1987,0.0
01,11,1987,1.0
01,12,1987,0.0
01,13,1987,0.0
01,14,1987,0.0
01,15,1987,0.0
01,16,1987,0.0
01,17,1987,0.0
01,18,1987,0.0
01,19,1987,0.0
01,20,1987,0.0
01,21,1987,0.0
01,22,1987,0.0
01,23,1987,0.0
01,24,1987,0.0
01,25,1987,0.0
01,26,1987,0.0
01,27,1987,0.0
01,28,1987,0.0
01,29,1987,0.0
01,30,1987,0.0
01,31,1987,0.0
02,01,1987,0.0
02,02,1987,0.0
02,03,1987,0.0
02,04,1987,0.0
02,05,1987,0.0
02,06,1987,0.1
02,07,1987,0.0
02,08,1987,0.0
02,09,1987,0.0
02,10,1987,0.0
02,11,1987,0.0
02,12,1987,0.0
02,13,1987,0.0
02,14,1987,0.0
02,15,1987,0.0
02,16,1987,0.0
02,17,1987,0.0
02,18,1987,0.0
02,19,1987,0.0
02,20,1987,0.0
02,21,1987,0.0
02,22,1987,0.0
02,23,1987,0.0
02,24,1987,0.0
02,25,1987,0.0
02,26,1987,0.0
02,27,1987,0.0
02,28,1987,0.0
03,01,1987,0.0
03,02,1987,0.0
03,03,1987,5.8
03,04,1987,1.5
03,05,1987,2.5
03,06,1987,0.0
03,07,1987,0.0
03,08,1987,1.2
03,09,1987,0.0
03,10,1987,0.0
03,11,1987,0.0
03,12,1987,0.0
03,13,1987,0.1
03,14,1987,0.9
03,15,1987,10.0
03,16,1987,0.0
03,17,1987,0.0
03,18,1987,0.0
03,19,1987,0.0
03,20,1987,0.0
03,21,1987,0.0
03,22,1987,0.0
03,23,1987,0.0
03,24,1987,0.0
03,25,1987,0.0
03,26,1987,0.0
03,27,1987,0.0
03,28,1987,0.0
03,29,1987,0.0
03,30,1987,0.0
03,31,1987,0.0
04,01,1987,0.0
04,02,1987,7.1
04,03,1987,0.0
04,04,1987,0.0
04,05,1987,0.0
04,06,1987,0.0
04,07,1987,0.0
04,08,1987,0.0
04,09,1987,0.0
04,10,1987,0.0
04,11,1987,0.0
04,12,1987,0.0
04,13,1987,0.0
04,14,1987,0.0
04,15,1987,0.0
04,16,1987,0.0
04,17,1987,5.6
04,18,1987,9.9
04,19,1987,16.6
04,20,1987,2.2
04,21,1987,0.0
04,22,1987,0.0
04,23,1987,0.0
04,24,1987,3.5
04,25,1987,2.0
04,26,1987,0.0
04,27,1987,0.0
04,28,1987,0.0
04,29,1987,0.0
04,30,1987,3.2
05,01,1987,0.0
05,02,1987,0.0
05,03,1987,0.0
05,04,1987,1.1
05,05,1987,17.2
05,06,1987,0.0
05,07,1987,0.0
05,08,1987,0.0
05,09,1987,0.0
05,10,1987,0.1
05,11,1987,0.0
05,12,1987,0.0
05,13,1987,0.0
05,14,1987,0.0
05,15,1987,0.0
05,16,1987,0.0
05,17,1987,0.0
05,18,1987,0.0
05,19,1987,2.0
05,20,1987,1.0
05,21,1987,0.0
05,22,1987,0.0
05,23,1987,0.0
05,24,1987,0.0
05,25,1987,0.0
05,26,1987,0.0
05,27,1987,0.0
05,28,1987,0.0
05,29,1987,2.8
05,30,1987,0.0
05,31,1987,0.0
06,01,1987,14.5
06,02,1987,0.0
06,03,1987,0.0
06,04,1987,13.4
06,05,1987,8.7
06,06,1987,13.4
06,07,1987,10.0
06,08,1987,6.5
06,09,1987,3.2
06,10,1987,5.5
06,11,1987,17.0
06,12,1987,12.1
06,13,1987,0.1
06,14,1987,0.0
06,15,1987,0.0
06,16,1987,0.0
06,17,1987,0.0
06,18,1987,0.0
06,19,1987,5.7
06,20,1987,2.1
06,21,1987,0.0
06,22,1987,8.4
06,23,1987,8.5
06,24,1987,2.5
06,25,1987,0.2
06,26,1987,0.0
06,27,1987,0.0
06,28,1987,2.3
06,29,1987,1.0
06,30,1987,5.5
07,01,1987,8.0
07,02,1987,4.5
07,03,1987,3.0
07,04,1987,0.7
07,05,1987,5.5
07,06,1987,1.5
07,07,1987,0.0
07,08,1987,6.9
07,09,1987,0.0
07,10,1987,16.4
07,11,1987,6.2
07,12,1987,22.6
07,13,1987,0.0
07,14,1987,1.1
07,15,1987,0.0
07,16,1987,0.0
07,17,1987,0.0
07,18,1987,0.5
07,19,1987,7.0
07,20,1987,9.5
07,21,1987,39.0
07,22,1987,12.5
07,23,1987,10.1
07,24,1987,1.8
07,25,1987,12.5
07,26,1987,6.0
07,27,1987,16.7
07,28,1987,0.4
07,29,1987,2.0
07,30,1987,9.0
07,31,1987,75.3
08,01,1987,6.6
08,02,1987,0.1
08,03,1987,4.1
08,04,1987,12.0
08,05,1987,13.2
08,06,1987,1.0
08,07,1987,3.0
08,08,1987,1.0
08,09,1987,2.5
08,10,1987,1.7
08,11,1987,0.0
08,12,1987,0.0
08,13,1987,0.0
08,14,1987,0.0
08,15,1987,0.4
08,16,1987,1.0
08,17,1987,4.4
08,18,1987,0.0
08,19,1987,0.0
08,20,1987,3.5
08,21,1987,36.5
08,22,1987,0.5
08,23,1987,9.7
08,24,1987,0.0
08,25,1987,0.0
08,26,1987,7.7
08,27,1987,9.6
08,28,1987,7.5
08,29,1987,0.1
08,30,1987,4.5
08,31,1987,1.1
09,01,1987,0.4
09,02,1987,0.4
09,03,1987,0.0
09,04,1987,9.4
09,05,1987,0.0
09,06,1987,0.0
09,07,1987,0.3
09,08,1987,2.0
09,09,1987,4.5
09,10,1987,0.0
09,11,1987,5.4
09,12,1987,6.3
09,13,1987,0.0
09,14,1987,0.0
09,15,1987,0.0
09,16,1987,0.0
09,17,1987,0.0
09,18,1987,0.0
09,19,1987,6.4
09,20,1987,5.4
09,21,1987,24.0
09,22,1987,7.5
09,23,1987,1.5
09,24,1987,0.0
09,25,1987,0.0
09,26,1987,7.0
09,27,1987,0.0
09,28,1987,0.0
09,29,1987,0.5
09,30,1987,0.0
10,01,1987,0.0
10,02,1987,0.1
10,03,1987,4.7
10,04,1987,1.4
10,05,1987,0.0
10,06,1987,0.6
10,07,1987,0.0
10,08,1987,2.0
10,09,1987,0.0
10,10,1987,2.2
10,11,1987,1.4
10,12,1987,2.1
10,13,1987,0.0
10,14,1987,0.0
10,15,1987,0.0
10,16,1987,0.0
10,17,1987,0.0
10,18,1987,0.0
10,19,1987,0.0
10,20,1987,0.0
10,21,1987,5.5
10,22,1987,0.0
10,23,1987,0.0
10,24,1987,0.0
10,25,1987,0.0
10,26,1987,0.0
10,27,1987,0.0
10,28,1987,7.5
10,29,1987,0.0
10,30,1987,0.0
10,31,1987,0.0
11,01,1987,null
11,02,1987,null
11,03,1987,null
11,04,1987,null
11,05,1987,null
11,06,1987,null
11,07,1987,null
11,08,1987,null
11,09,1987,null
11,10,1987,null
11,11,1987,null
11,12,1987,null
11,13,1987,null
11,14,1987,null
11,15,1987,null
11,16,1987,null
11,17,1987,null
11,18,1987,null
11,19,1987,null
11,20,1987,null
11,21,1987,null
11,22,1987,null
11,23,1987,null
11,24,1987,null
11,25,1987,null
11,26,1987,null
11,27,1987,null
11,28,1987,null
11,29,1987,null
11,30,1987,null
12,01,1987,0.0
12,02,1987,0.0
12,03,1987,0.0
12,04,1987,0.0
12,05,1987,0.0
12,06,1987,0.0
12,07,1987,0.0
12,08,1987,0.0
12,09,1987,0.0
12,10,1987,0.0
12,11,1987,0.0
12,12,1987,0.0
12,13,1987,0.0
12,14,1987,0.0
12,15,1987,0.0
12,16,1987,0.0
12,17,1987,0.0
12,18,1987,0.0
12,19,1987,0.0
12,20,1987,0.0
12,21,1987,0.0
12,22,1987,0.2
12,23,1987,0.0
12,24,1987,0.0
12,25,1987,0.0
12,26,1987,0.0
12,27,1987,0.0
12,28,1987,4.6
12,29,1987,4.6
12,30,1987,0.0
12,31,1987,0.0
01,01,1988,0.0
01,02,1988,0.0
01,03,1988,0.0
01,04,1988,0.5
01,05,1988,1.5
01,06,1988,0.0
01,07,1988,0.0
01,08,1988,0.0
01,09,1988,0.0
01,10,1988,0.3
01,11,1988,0.0
01,12,1988,0.0
01,13,1988,4.0
01,14,1988,0.0
01,15,1988,0.0
01,16,1988,0.0
01,17,1988,0.0
01,18,1988,0.0
01,19,1988,0.0
01,20,1988,0.0
01,21,1988,0.0
01,22,1988,0.0
01,23,1988,0.0
01,24,1988,0.0
01,25,1988,0.0
01,26,1988,0.0
01,27,1988,4.9
01,28,1988,0.9
01,29,1988,0.0
01,30,1988,0.0
01,31,1988,0.0
02,01,1988,0.0
02,02,1988,0.0
02,03,1988,0.0
02,04,1988,0.8
02,05,1988,0.0
02,06,1988,4.9
02,07,1988,0.0
02,08,1988,0.0
02,09,1988,0.0
02,10,1988,0.0
02,11,1988,0.9
02,12,1988,0.0
02,13,1988,0.0
02,14,1988,0.0
02,15,1988,0.0
02,16,1988,0.0
02,17,1988,0.0
02,18,1988,0.0
02,19,1988,0.0
02,20,1988,0.0
02,21,1988,0.0
02,22,1988,0.0
02,23,1988,0.0
02,24,1988,0.0
02,25,1988,0.0
02,26,1988,0.0
02,27,1988,0.0
02,28,1988,0.0
02,29,1988,0.0
03,01,1988,0.0
03,02,1988,0.0
03,03,1988,0.0
03,04,1988,0.0
03,05,1988,0.0
03,06,1988,2.1
03,07,1988,1.0
03,08,1988,0.0
03,09,1988,12.0
03,10,1988,9.9
03,11,1988,0.0
03,12,1988,0.0
03,13,1988,0.0
03,14,1988,0.0
03,15,1988,0.0
03,16,1988,0.0
03,17,1988,0.0
03,18,1988,0.0
03,19,1988,0.0
03,20,1988,0.0
03,21,1988,0.0
03,22,1988,0.0
03,23,1988,0.0
03,24,1988,0.0
03,25,1988,0.0
03,26,1988,0.0
03,27,1988,0.0
03,28,1988,0.0
03,29,1988,0.0
03,30,1988,0.0
03,31,1988,0.0
04,01,1988,0.0
04,02,1988,3.1
04,03,1988,0.0
04,04,1988,0.0
04,05,1988,0.0
04,06,1988,0.1
04,07,1988,0.0
04,08,1988,1.5
04,09,1988,0.0
04,10,1988,2.3
04,11,1988,4.7
04,12,1988,0.0
04,13,1988,0.0
04,14,1988,0.0
04,15,1988,1.3
04,16,1988,0.6
04,17,1988,4.2
04,18,1988,0.0
04,19,1988,0.0
04,20,1988,0.0
04,21,1988,0.0
04,22,1988,0.0
04,23,1988,0.0
04,24,1988,0.0
04,25,1988,0.0
04,26,1988,0.0
04,27,1988,0.0
04,28,1988,0.0
04,29,1988,1.2
04,30,1988,2.3
05,01,1988,0.6
05,02,1988,0.0
05,03,1988,0.0
05,04,1988,0.0
05,05,1988,0.0
05,06,1988,0.0
05,07,1988,0.0
05,08,1988,0.0
05,09,1988,0.0
05,10,1988,0.0
05,11,1988,0.0
05,12,1988,5.5
05,13,1988,13.8
05,14,1988,3.8
05,15,1988,3.4
05,16,1988,0.0
05,17,1988,0.0
05,18,1988,2.1
05,19,1988,0.0
05,20,1988,0.0
05,21,1988,1.1
05,22,1988,0.0
05,23,1988,0.0
05,24,1988,0.0
05,25,1988,0.0
05,26,1988,0.1
05,27,1988,0.9
05,28,1988,0.0
05,29,1988,0.2
05,30,1988,0.0
05,31,1988,0.0
06,01,1988,0.0
06,02,1988,0.0
06,03,1988,3.5
06,04,1988,1.0
06,05,1988,5.5
06,06,1988,0.0
06,07,1988,0.0
06,08,1988,0.6
06,09,1988,7.0
06,10,1988,0.0
06,11,1988,0.9
06,12,1988,0.0
06,13,1988,2.5
06,14,1988,15.9
06,15,1988,31.5
06,16,1988,8.5
06,17,1988,25.4
06,18,1988,17.7
06,19,1988,13.9
06,20,1988,25.0
06,21,1988,5.5
06,22,1988,20.0
06,23,1988,3.5
06,24,1988,9.1
06,25,1988,11.8
06,26,1988,0.0
06,27,1988,1.0
06,28,1988,0.0
06,29,1988,0.0
06,30,1988,7.6
07,01,1988,8.2
07,02,1988,1.0
07,03,1988,5.5
07,04,1988,2.5
07,05,1988,3.0
07,06,1988,0.0
07,07,1988,0.0
07,08,1988,0.0
07,09,1988,0.0
07,10,1988,0.0
07,11,1988,0.1
07,12,1988,0.0
07,13,1988,11.5
07,14,1988,6.0
07,15,1988,3.5
07,16,1988,0.4
07,17,1988,3.5
07,18,1988,20.0
07,19,1988,31.8
07,20,1988,0.0
07,21,1988,20.5
07,22,1988,2.0
07,23,1988,0.2
07,24,1988,10.5
07,25,1988,0.0
07,26,1988,0.0
07,27,1988,0.0
07,28,1988,18.0
07,29,1988,3.4
07,30,1988,1.3
07,31,1988,11.1
08,01,1988,5.5
08,02,1988,2.3
08,03,1988,5.5
08,04,1988,4.5
08,05,1988,0.1
08,06,1988,9.9
08,07,1988,50.5
08,08,1988,15.5
08,09,1988,5.5
08,10,1988,2.5
08,11,1988,29.5
08,12,1988,61.9
08,13,1988,33.5
08,14,1988,6.5
08,15,1988,9.5
08,16,1988,8.5
08,17,1988,4.0
08,18,1988,1.5
08,19,1988,0.0
08,20,1988,9.3
08,21,1988,0.2
08,22,1988,11.5
08,23,1988,6.0
08,24,1988,7.5
08,25,1988,0.0
08,26,1988,4.0
08,27,1988,0.9
08,28,1988,40.4
08,29,1988,5.5
08,30,1988,27.5
08,31,1988,67.5
09,01,1988,9.8
09,02,1988,1.6
09,03,1988,23.5
09,04,1988,5.0
09,05,1988,2.5
09,06,1988,41.2
09,07,1988,0.0
09,08,1988,0.0
09,09,1988,0.0
09,10,1988,0.0
09,11,1988,0.0
09,12,1988,6.2
09,13,1988,8.0
09,14,1988,0.0
09,15,1988,0.0
09,16,1988,0.0
09,17,1988,0.0
09,18,1988,0.1
09,19,1988,3.2
09,20,1988,4.0
09,21,1988,0.0
09,22,1988,0.0
09,23,1988,0.0
09,24,1988,1.0
09,25,1988,2.0
09,26,1988,0.0
09,27,1988,0.0
09,28,1988,0.0
09,29,1988,2.0
09,30,1988,0.4
10,01,1988,5.9
10,02,1988,18.6
10,03,1988,20.0
10,04,1988,18.5
10,05,1988,8.8
10,06,1988,28.5
10,07,1988,7.6
10,08,1988,0.3
10,09,1988,1.5
10,10,1988,1.0
10,11,1988,0.6
10,12,1988,0.0
10,13,1988,2.4
10,14,1988,0.0
10,15,1988,0.0
10,16,1988,0.0
10,17,1988,0.0
10,18,1988,0.0
10,19,1988,0.0
10,20,1988,0.0
10,21,1988,0.0
10,22,1988,0.0
10,23,1988,0.0
10,24,1988,0.0
10,25,1988,0.0
10,26,1988,0.0
10,27,1988,0.0
10,28,1988,2.5
10,29,1988,9.3
10,30,1988,1.0
10,31,1988,0.6
11,01,1988,0.0
11,02,1988,0.0
11,03,1988,0.0
11,04,1988,0.0
11,05,1988,0.0
11,06,1988,0.0
11,07,1988,0.0
11,08,1988,0.0
11,09,1988,0.0
11,10,1988,0.0
11,11,1988,0.0
11,12,1988,0.0
11,13,1988,1.0
11,14,1988,0.0
11,15,1988,0.0
11,16,1988,0.0
11,17,1988,0.0
11,18,1988,0.0
11,19,1988,0.0
11,20,1988,8.0
11,21,1988,0.0
11,22,1988,0.0
11,23,1988,0.0
11,24,1988,0.0
11,25,1988,0.0
11,26,1988,0.0
11,27,1988,2.5
11,28,1988,1.8
11,29,1988,0.0
11,30,1988,9.5
12,01,1988,28.6
12,02,1988,22.6
12,03,1988,0.3
12,04,1988,1.0
12,05,1988,0.0
12,06,1988,0.0
12,07,1988,0.0
12,08,1988,0.0
12,09,1988,0.8
12,10,1988,0.1
12,11,1988,0.0
12,12,1988,2.5
12,13,1988,0.0
12,14,1988,0.0
12,15,1988,0.0
12,16,1988,4.7
12,17,1988,19.0
12,18,1988,8.8
12,19,1988,0.0
12,20,1988,0.0
12,21,1988,0.0
12,22,1988,0.0
12,23,1988,0.0
12,24,1988,0.0
12,25,1988,0.0
12,26,1988,0.0
12,27,1988,0.0
12,28,1988,0.1
12,29,1988,0.0
12,30,1988,0.0
12,31,1988,0.0
01,01,1989,0.0
01,02,1989,0.0
01,03,1989,0.0
01,04,1989,0.0
01,05,1989,0.0
01,06,1989,0.0
01,07,1989,0.0
01,08,1989,0.0
01,09,1989,0.0
01,10,1989,0.0
01,11,1989,0.0
01,12,1989,0.0
01,13,1989,0.4
01,14,1989,1.4
01,15,1989,0.0
01,16,1989,0.5
01,17,1989,0.0
01,18,1989,0.0
01,19,1989,4.9
01,20,1989,4.0
01,21,1989,0.0
01,22,1989,0.0
01,23,1989,0.0
01,24,1989,0.0
01,25,1989,0.0
01,26,1989,0.0
01,27,1989,0.0
01,28,1989,0.0
01,29,1989,0.0
01,30,1989,0.0
01,31,1989,0.0
02,01,1989,0.0
02,02,1989,0.0
02,03,1989,5.0
02,04,1989,0.0
02,05,1989,0.0
02,06,1989,0.0
02,07,1989,0.0
02,08,1989,5.0
02,09,1989,10.0
02,10,1989,12.5
02,11,1989,0.3
02,12,1989,0.0
02,13,1989,0.0
02,14,1989,0.0
02,15,1989,0.0
02,16,1989,0.1
02,17,1989,0.0
02,18,1989,0.0
02,19,1989,0.0
02,20,1989,0.0
02,21,1989,3.5
02,22,1989,7.5
02,23,1989,0.0
02,24,1989,0.0
02,25,1989,0.0
02,26,1989,0.0
02,27,1989,0.0
02,28,1989,0.0
03,01,1989,0.0
03,02,1989,0.0
03,03,1989,0.0
03,04,1989,0.0
03,05,1989,0.0
03,06,1989,0.0
03,07,1989,0.0
03,08,1989,0.0
03,09,1989,0.0
03,10,1989,0.0
03,11,1989,0.0
03,12,1989,0.0
03,13,1989,0.0
03,14,1989,0.0
03,15,1989,0.0
03,16,1989,0.0
03,17,1989,0.0
03,18,1989,0.0
03,19,1989,0.0
03,20,1989,4.2
03,21,1989,0.8
03,22,1989,4.6
03,23,1989,1.0
03,24,1989,0.0
03,25,1989,0.0
03,26,1989,0.0
03,27,1989,0.0
03,28,1989,0.0
03,29,1989,0.0
03,30,1989,0.0
03,31,1989,0.0
04,01,1989,0.0
04,02,1989,0.0
04,03,1989,0.0
04,04,1989,0.0
04,05,1989,2.5
04,06,1989,1.0
04,07,1989,0.0
04,08,1989,0.0
04,09,1989,0.0
04,10,1989,1.0
04,11,1989,0.0
04,12,1989,0.0
04,13,1989,0.0
04,14,1989,7.1
04,15,1989,0.6
04,16,1989,12.0
04,17,1989,0.0
04,18,1989,0.0
04,19,1989,0.0
04,20,1989,0.0
04,21,1989,0.0
04,22,1989,0.0
04,23,1989,0.0
04,24,1989,10.2
04,25,1989,8.9
04,26,1989,20.0
04,27,1989,0.0
04,28,1989,1.6
04,29,1989,0.0
04,30,1989,0.0
05,01,1989,15.5
05,02,1989,0.0
05,03,1989,0.0
05,04,1989,5.0
05,05,1989,1.6
05,06,1989,1.5
05,07,1989,0.0
05,08,1989,10.5
05,09,1989,0.0
05,10,1989,0.0
05,11,1989,4.5
05,12,1989,1.0
05,13,1989,0.0
05,14,1989,0.1
05,15,1989,0.0
05,16,1989,0.0
05,17,1989,0.0
05,18,1989,0.0
05,19,1989,0.0
05,20,1989,0.0
05,21,1989,0.0
05,22,1989,0.0
05,23,1989,0.0
05,24,1989,0.0
05,25,1989,0.0
05,26,1989,18.7
05,27,1989,7.9
05,28,1989,2.8
05,29,1989,0.0
05,30,1989,0.0
05,31,1989,4.3
06,01,1989,0.0
06,02,1989,0.0
06,03,1989,0.0
06,04,1989,1.5
06,05,1989,1.7
06,06,1989,0.0
06,07,1989,0.0
06,08,1989,0.0
06,09,1989,0.8
06,10,1989,8.6
06,11,1989,0.0
06,12,1989,22.7
06,13,1989,21.7
06,14,1989,0.0
06,15,1989,24.5
06,16,1989,2.6
06,17,1989,0.0
06,18,1989,11.5
06,19,1989,4.6
06,20,1989,8.5
06,21,1989,21.5
06,22,1989,0.0
06,23,1989,0.0
06,24,1989,7.5
06,25,1989,18.5
06,26,1989,1.4
06,27,1989,4.8
06,28,1989,10.5
06,29,1989,6.0
06,30,1989,8.1
07,01,1989,10.4
07,02,1989,0.0
07,03,1989,0.0
07,04,1989,4.9
07,05,1989,1.8
07,06,1989,1.5
07,07,1989,0.0
07,08,1989,0.0
07,09,1989,1.0
07,10,1989,2.5
07,11,1989,54.3
07,12,1989,3.4
07,13,1989,0.0
07,14,1989,0.0
07,15,1989,0.0
07,16,1989,0.0
07,17,1989,0.0
07,18,1989,0.0
07,19,1989,1.0
07,20,1989,0.0
07,21,1989,0.4
07,22,1989,1.8
07,23,1989,1.0
07,24,1989,0.0
07,25,1989,0.0
07,26,1989,9.7
07,27,1989,12.8
07,28,1989,18.6
07,29,1989,11.5
07,30,1989,9.2
07,31,1989,0.0
08,01,1989,6.1
08,02,1989,5.5
08,03,1989,0.1
08,04,1989,5.5
08,05,1989,0.0
08,06,1989,0.0
08,07,1989,0.0
08,08,1989,0.0
08,09,1989,0.5
08,10,1989,0.0
08,11,1989,0.0
08,12,1989,0.0
08,13,1989,0.0
08,14,1989,0.0
08,15,1989,3.0
08,16,1989,3.6
08,17,1989,6.5
08,18,1989,6.8
08,19,1989,0.0
08,20,1989,0.0
08,21,1989,0.0
08,22,1989,12.2
08,23,1989,4.3
08,24,1989,0.0
08,25,1989,0.0
08,26,1989,9.5
08,27,1989,3.9
08,28,1989,4.7
08,29,1989,2.4
08,30,1989,0.0
08,31,1989,3.5
09,01,1989,5.0
09,02,1989,22.7
09,03,1989,21.5
09,04,1989,8.1
09,05,1989,6.5
09,06,1989,2.2
09,07,1989,1.1
09,08,1989,0.2
09,09,1989,1.2
09,10,1989,5.5
09,11,1989,4.3
09,12,1989,9.5
09,13,1989,0.1
09,14,1989,1.5
09,15,1989,19.4
09,16,1989,16.0
09,17,1989,10.9
09,18,1989,22.5
09,19,1989,80.0
09,20,1989,10.7
09,21,1989,42.3
09,22,1989,13.8
09,23,1989,9.4
09,24,1989,0.0
09,25,1989,1.0
09,26,1989,5.0
09,27,1989,1.0
09,28,1989,12.2
09,29,1989,2.4
09,30,1989,3.1
10,01,1989,0.0
10,02,1989,0.0
10,03,1989,0.0
10,04,1989,0.0
10,05,1989,0.0
10,06,1989,11.4
10,07,1989,0.8
10,08,1989,4.7
10,09,1989,3.4
10,10,1989,0.2
10,11,1989,0.4
10,12,1989,0.0
10,13,1989,0.0
10,14,1989,0.0
10,15,1989,2.5
10,16,1989,0.1
10,17,1989,4.0
10,18,1989,40.0
10,19,1989,15.7
10,20,1989,1.6
10,21,1989,0.0
10,22,1989,0.0
10,23,1989,0.0
10,24,1989,0.0
10,25,1989,0.0
10,26,1989,0.0
10,27,1989,0.0
10,28,1989,0.0
10,29,1989,0.0
10,30,1989,0.0
10,31,1989,1.9
11,01,1989,0.0
11,02,1989,1.5
11,03,1989,0.3
11,04,1989,0.0
11,05,1989,0.0
11,06,1989,0.0
11,07,1989,12.7
11,08,1989,0.0
11,09,1989,0.0
11,10,1989,2.5
11,11,1989,0.8
11,12,1989,3.2
11,13,1989,0.0
11,14,1989,0.0
11,15,1989,0.9
11,16,1989,10.9
11,17,1989,0.0
11,18,1989,0.0
11,19,1989,0.7
11,20,1989,5.4
11,21,1989,0.0
11,22,1989,1.0
11,23,1989,0.0
11,24,1989,0.0
11,25,1989,0.0
11,26,1989,0.0
11,27,1989,0.0
11,28,1989,0.0
11,29,1989,2.6
11,30,1989,0.0
12,01,1989,0.0
12,02,1989,0.1
12,03,1989,1.0
12,04,1989,0.0
12,05,1989,0.0
12,06,1989,0.0
12,07,1989,0.0
12,08,1989,0.1
12,09,1989,0.0
12,10,1989,0.0
12,11,1989,0.0
12,12,1989,0.0
12,13,1989,0.0
12,14,1989,0.0
12,15,1989,0.0
12,16,1989,0.0
12,17,1989,0.0
12,18,1989,0.0
12,19,1989,0.0
12,20,1989,0.0
12,21,1989,0.0
12,22,1989,0.0
12,23,1989,0.0
12,24,1989,0.0
12,25,1989,0.0
12,26,1989,0.0
12,27,1989,0.0
12,28,1989,0.0
12,29,1989,0.0
12,30,1989,0.0
12,31,1989,0.0
